HR600682_1:101		
189.266	1389.83514	
189.737	1441.02982	
190.209	1363.79105	
190.68	1430.98043	
191.152	1406.88418	
191.623	1423.9491	
192.095	1401.8681	
192.566	1414.91275	
193.038	1433.99467	
193.509	1458.12627	
193.98	1436.00444	
194.452	1418.92836	
194.923	1438.01443	
195.394	1427.96667	
195.865	1487.32687	
196.337	1453.09627	
196.808	1474.23134	
197.279	1492.36603	
197.75	1472.21745	
198.221	1482.28905	
198.692	1492.36603	
199.163	1406.88418	
199.634	1457.12016	
200.105	1467.18367	
200.576	1455.10811	
201.047	1453.09627	
201.518	1474.23134	
201.989	1517.58188	
202.46	1535.75789	
202.931	1471.21059	
203.402	1497.40652	
203.873	1481.28165	
204.344	1505.4741	
204.815	1432.98987	
205.285	1497.40652	
205.756	1417.92438	
206.227	1473.22437	
206.698	1477.25258	
207.168	1480.2743	
207.639	1483.29651	
208.11	1513.5451	
208.58	1473.22437	
209.051	1518.5912	
209.521	1458.12627	
209.992	1469.19702	
210.463	1508.50033	
210.933	1482.28905	
211.404	1504.46547	
211.874	1520.61002	
212.344	1482.28905	
212.815	1482.28905	
213.285	1554.96227	
213.756	1521.6195	
214.226	1567.10115	
214.696	1476.24544	
215.167	1549.90664	
215.637	1543.84162	
216.107	1507.49153	
216.577	1509.50917	
217.048	1465.17054	
217.518	1460.13865	
217.988	1451.08466	
218.458	1486.3192	
218.928	1512.53604	
219.398	1472.21745	
219.868	1502.44836	
220.338	1501.43989	
220.808	1485.31158	
221.278	1530.70727	
221.748	1531.71729	
222.218	1474.23134	
222.688	1508.50033	
223.158	1525.65798	
223.628	1584.3108	
224.098	1483.29651	
224.568	1474.23134	
225.038	1545.86308	
225.508	1467.18367	
225.977	1503.45689	
226.447	1548.89567	
226.917	1496.39832	
227.387	1530.70727	
227.856	1489.34237	
228.326	1547.88476	
228.796	1542.83097	
229.265	1556.98489	
229.735	1547.88476	
230.204	1532.72736	
230.674	1530.70727	
231.143	1547.88476	
231.613	1550.91766	
232.082	1500.43147	
232.552	1489.34237	
233.021	1545.86308	
233.491	1470.20378	
233.96	1524.64828	
234.429	1587.34936	
234.899	1492.36603	
235.368	1514.55421	
235.837	1590.38839	
236.307	1578.23508	
236.776	1607.61841	
237.245	1503.45689	
237.714	1574.18564	
238.184	1568.11306	
238.653	1562.04236	
239.122	1593.42789	
239.591	1566.08928	
240.06	1554.96227	
240.529	1563.05401	
240.998	1622.8338	
241.467	1556.98489	
241.936	1521.6195	
242.405	1534.74766	
242.874	1582.28535	
243.343	1530.70727	
243.812	1531.71729	
244.281	1531.71729	
244.75	1532.72736	
245.218	1583.29805	
245.687	1516.5726	
246.156	1602.5492	
246.625	1551.92873	
247.094	1567.10115	
247.562	1527.67754	
248.031	1530.70727	
248.5	1491.35809	
248.968	1560.01922	
249.437	1571.14912	
249.906	1576.21026	
250.374	1556.98489	
250.843	1595.45449	
251.311	1547.88476	
251.78	1551.92873	
252.248	1544.85233	
252.717	1515.56338	
253.185	1530.70727	
253.654	1533.73748	
254.122	1573.17342	
254.59	1528.6874	
255.059	1516.5726	
255.527	1492.36603	
255.995	1551.92873	
256.464	1573.17342	
256.932	1542.83097	
257.4	1529.69731	
257.868	1564.06572	
258.336	1512.53604	
258.805	1532.72736	
259.273	1546.87389	
259.741	1535.75789	
260.209	1531.71729	
260.677	1548.89567	
261.145	1524.64828	
261.613	1490.3502	
262.081	1579.24757	
262.549	1543.84162	
263.017	1563.05401	
263.485	1476.24544	
263.953	1516.5726	
264.421	1525.65798	
264.889	1535.75789	
265.357	1582.28535	
265.824	1556.98489	
266.292	1593.42789	
266.76	1489.34237	
267.228	1509.50917	
267.695	1571.14912	
268.163	1536.76817	
268.631	1489.34237	
269.098	1575.19792	
269.566	1576.21026	
270.034	1515.56338	
270.501	1555.97356	
270.969	1513.5451	
271.436	1593.42789	
271.904	1507.49153	
272.371	1555.97356	
272.839	1574.18564	
273.306	1530.70727	
273.774	1532.72736	
274.241	1557.99628	
274.708	1607.61841	
275.176	1522.62904	
275.643	1493.37402	
276.11	1575.19792	
276.578	1529.69731	
277.045	1556.98489	
277.512	1538.78889	
277.979	1538.78889	
278.447	1571.14912	
278.914	1507.49153	
279.381	1540.80983	
279.848	1563.05401	
280.315	1549.90664	
280.782	1571.14912	
281.249	1562.04236	
281.716	1531.71729	
282.183	1541.82037	
282.65	1537.7785	
283.117	1530.70727	
283.584	1585.3236	
284.051	1543.84162	
284.518	1507.49153	
284.985	1531.71729	
285.452	1553.95104	
285.918	1566.08928	
286.385	1514.55421	
286.852	1536.76817	
287.319	1589.37533	
287.785	1492.36603	
288.252	1547.88476	
288.719	1498.41478	
289.185	1469.19702	
289.652	1491.35809	
290.119	1482.28905	
290.585	1465.17054	
291.052	1498.41478	
291.518	1460.13865	
291.985	1457.12016	
292.451	1498.41478	
292.918	1451.08466	
293.384	1542.83097	
293.851	1498.41478	
294.317	1485.31158	
294.783	1463.15762	
295.25	1484.30402	
295.716	1478.25976	
296.182	1461.14492	
296.649	1497.40652	
297.115	1481.28165	
297.581	1522.62904	
298.047	1436.00444	
298.514	1468.19032	
298.98	1460.13865	
299.446	1467.18367	
299.912	1470.20378	
300.378	1467.18367	
300.844	1446.05656	
301.31	1502.44836	
301.776	1441.02982	
302.242	1500.43147	
302.708	1541.82037	
303.174	1491.35809	
303.64	1433.99467	
304.106	1529.69731	
304.572	1404.87758	
305.038	1467.18367	
305.503	1501.43989	
305.969	1516.5726	
306.435	1493.37402	
306.901	1453.09627	
307.367	2004.78245	
307.832	1454.10217	
308.298	1469.19702	
308.764	1455.10811	
309.229	1503.45689	
309.695	1483.29651	
310.16	1434.99953	
310.626	1470.20378	
311.092	1552.93986	
311.557	1485.31158	
312.023	1523.63864	
312.488	1518.5912	
312.954	1471.21059	
313.419	1439.01951	
313.884	1469.19702	
314.35	1456.11411	
314.815	1468.19032	
315.28	1476.24544	
315.746	1479.267	
316.211	1676.68732	
316.676	1525.65798	
317.142	1584.3108	
317.607	1601.53552	
318.072	1630.95341	
318.537	1550.91766	
319.002	1530.70727	
319.467	1592.41468	
319.933	1521.6195	
320.398	1504.46547	
320.863	1494.38206	
321.328	1550.91766	
321.793	1582.28535	
322.258	1531.71729	
322.723	1595.45449	
323.188	1530.70727	
323.652	1563.05401	
324.117	1502.44836	
324.582	1568.11306	
325.047	1589.37533	
325.512	1578.23508	
325.977	1590.38839	
326.441	1552.93986	
326.906	1592.41468	
327.371	1587.34936	
327.836	1568.11306	
328.3	1605.59057	
328.765	1615.73184	
329.23	1545.86308	
329.694	1586.33645	
330.159	1609.64646	
330.623	1582.28535	
331.088	1576.21026	
331.552	1575.19792	
332.017	1556.98489	
332.481	1640.09191	
332.946	1642.12325	
333.41	1618.77522	
333.874	1621.81908	
334.339	1553.95104	
334.803	1597.48129	
335.267	1660.41454	
335.732	1657.36484	
336.196	1639.07632	
336.66	1598.49477	
337.125	1613.70317	
337.589	1616.74625	
338.053	1647.2025	
338.517	1567.10115	
338.981	1578.23508	
339.445	1564.06572	
339.909	1612.68891	
340.373	1628.9232	
340.837	1573.17342	
341.301	1559.00772	
341.765	1587.34936	
342.229	1522.62904	
342.693	1583.29805	
343.157	1538.78889	
343.621	1546.87389	
344.085	1518.5912	
344.549	1537.7785	
345.013	1631.96859	
345.476	1650.25067	
345.94	1509.50917	
346.404	1522.62904	
346.868	1519.60058	
347.331	1538.78889	
347.795	1590.38839	
348.259	1488.33459	
348.722	1480.2743	
349.186	1504.46547	
349.649	1520.61002	
350.113	1548.89567	
350.577	1523.63864	
351.04	1530.70727	
351.504	1510.51808	
351.967	1536.76817	
352.43	1577.22264	
352.894	1531.71729	
353.357	1503.45689	
353.821	1542.83097	
354.284	1550.91766	
354.747	1469.19702	
355.211	1524.64828	
355.674	1576.21026	
356.137	1485.31158	
356.6	1504.46547	
357.064	1552.93986	
357.527	1494.38206	
357.99	1538.78889	
358.453	1510.51808	
358.916	1516.5726	
359.379	1532.72736	
359.842	1514.55421	
360.305	1539.79933	
360.768	1566.08928	
361.231	1532.72736	
361.694	1552.93986	
362.157	1530.70727	
362.62	1537.7785	
363.083	1486.3192	
363.546	1476.24544	
364.009	1457.12016	
364.471	1523.63864	
364.934	1531.71729	
365.397	1527.67754	
365.86	1520.61002	
366.322	1595.45449	
366.785	1501.43989	
367.248	1548.89567	
367.71	1551.92873	
368.173	1569.12503	
368.636	1534.74766	
369.098	1517.58188	
369.561	1535.75789	
370.023	1513.5451	
370.486	1555.97356	
370.948	1579.24757	
371.411	1549.90664	
371.873	1470.20378	
372.336	1504.46547	
372.798	1503.45689	
373.26	1536.76817	
373.723	1538.78889	
374.185	1565.07748	
374.647	1550.91766	
375.109	1547.88476	
375.572	1570.13705	
376.034	1580.26011	
376.496	1551.92873	
376.958	1575.19792	
377.42	1593.42789	
377.883	1637.04528	
378.345	1569.12503	
378.807	1640.09191	
379.269	1596.46786	
379.731	1660.41454	
380.193	1663.46469	
380.655	1687.88238	
381.117	1706.21476	
381.579	1699.08356	
382.041	1666.51531	
382.502	1710.29084	
382.964	1787.88763	
383.426	1903.78272	
383.888	1972.78541	
384.35	2348.02795	
384.811	3293.34535	
385.273	4328.30694	
385.735	6653.95555	
386.197	10859.82453	
386.658	14302.51285	
387.12	18333.92649	
387.581	24958.92622	
388.043	24413.46891	
388.505	7448.57669	
388.966	2288.40822	
389.428	1919.21283	
389.889	1863.71426	
390.351	1833.96687	
390.812	1784.81919	
391.273	1703.15823	
391.735	1717.4259	
392.196	1633.99912	
392.658	1599.5083	
393.119	1629.93828	
393.58	1714.36771	
394.041	1665.49838	
394.503	1791.97956	
394.964	1876.03531	
395.425	1987.23022	
395.886	1780.72862	
396.347	1580.26011	
396.809	1601.53552	
397.27	1584.3108	
397.731	1535.75789	
398.192	1568.11306	
398.653	1590.38839	
399.114	1645.17065	
399.575	1708.2527	
400.036	1870.90071	
400.497	2026.48284	
400.958	2177.89772	
401.419	2426.67613	
401.879	2288.40822	
402.34	1673.63518	
402.801	1545.86308	
403.262	1540.80983	
403.723	1517.58188	
404.183	1529.69731	
404.644	1538.78889	
405.105	1537.7785	
405.565	1511.52703	
406.026	1541.82037	
406.487	1542.83097	
406.947	1505.4741	
407.408	1513.5451	
407.868	1549.90664	
408.329	1487.32687	
408.789	1522.62904	
409.25	1569.12503	
409.71	1577.22264	
410.171	1606.60447	
410.631	1670.5835	
411.092	1718.44539	
411.552	1584.3108	
412.012	1516.5726	
412.473	1560.01922	
412.933	1565.07748	
413.393	1586.33645	
413.853	1524.64828	
414.313	1549.90664	
414.774	1520.61002	
415.234	1542.83097	
415.694	1539.79933	
416.154	1523.63864	
416.614	1467.18367	
417.074	1506.48279	
417.534	1527.67754	
417.994	1520.61002	
418.454	1532.72736	
418.914	1540.80983	
419.374	1487.32687	
419.834	1540.80983	
420.294	1490.3502	
420.754	1542.83097	
421.214	1517.58188	
421.673	1506.48279	
422.133	1507.49153	
422.593	1540.80983	
423.053	1485.31158	
423.512	1563.05401	
423.972	1513.5451	
424.432	1498.41478	
424.891	1548.89567	
425.351	1517.58188	
425.811	1536.76817	
426.27	1500.43147	
426.73	1535.75789	
427.189	1525.65798	
427.649	1497.40652	
428.108	1547.88476	
428.568	1537.7785	
429.027	1588.36232	
429.487	1568.11306	
429.946	1608.63241	
430.405	1579.24757	
430.865	1549.90664	
431.324	1531.71729	
431.783	1593.42789	
432.242	1585.3236	
432.702	1535.75789	
433.161	1653.29929	
433.62	1583.29805	
434.079	1591.40151	
434.538	1590.38839	
434.998	1600.52188	
435.457	1650.25067	
435.916	1667.53228	
436.375	1722.52387	
436.834	1868.8472	
437.293	1929.50545	
437.752	2023.38156	
438.211	1849.34841	
438.669	1652.28303	
439.128	1655.33197	
439.587	1653.29929	
440.046	1690.93665	
440.505	1703.15823	
440.964	1695.0097	
441.422	1794.02583	
441.881	1849.34841	
442.34	1984.13414	
442.799	2085.48438	
443.257	2392.0431	
443.716	2969.22203	
444.175	3584.2485	
444.633	5389.22489	
445.092	9040.39671	
445.55	13148.7395	
446.009	17233.86949	
446.467	12111.53727	
446.926	3480.21087	
447.384	1952.16568	
447.843	1897.61364	
448.301	1852.42601	
448.759	1867.82052	
449.218	1796.07228	
449.676	1861.66142	
450.134	1865.76729	
450.593	1806.3075	
451.051	1790.95651	
451.509	1802.21283	
451.967	1779.7061	
452.425	1794.02583	
452.884	1793.00267	
453.342	1807.33129	
453.8	1786.86476	
454.258	1789.9335	
454.716	1813.47505	
455.174	1830.89186	
455.632	1782.77381	
456.09	1810.40295	
456.548	1838.06755	
457.006	1745.99062	
457.464	1744.96978	
457.922	1777.66121	
458.379	1729.66314	
458.837	1769.48362	
459.295	1713.34842	
459.753	1706.21476	
460.211	1652.28303	
460.668	1701.1208	
461.126	1752.11671	
461.584	1750.07448	
462.041	1757.22314	
462.499	1768.46164	
462.957	1724.56341	
463.414	1789.9335	
463.872	1783.79647	
464.329	1790.95651	
464.787	1712.32917	
465.244	1711.30998	
465.702	1698.06502	
466.159	1717.4259	
466.617	1687.88238	
467.074	1745.99062	
467.531	1810.40295	
467.989	1943.92298	
468.446	2005.81534	
468.903	2333.37214	
469.361	3181.41569	
469.818	4261.27779	
470.275	5116.01115	
470.732	3325.69058	
471.189	1803.23642	
471.646	1686.8644	
472.104	1676.68732	
472.561	1644.1548	
473.018	1611.67471	
473.475	1642.12325	
473.932	1607.61841	
474.389	1663.46469	
474.846	1589.37533	
475.303	1600.52188	
475.76	1636.02984	
476.216	1613.70317	
476.673	1583.29805	
477.13	1643.139	
477.587	1598.49477	
478.044	1615.73184	
478.501	1586.33645	
478.957	1632.98383	
479.414	1582.28535	
479.871	1614.71748	
480.327	1603.56294	
480.784	1629.93828	
481.241	1647.2025	
481.697	1580.26011	
482.154	1643.139	
482.61	1671.60068	
483.067	1658.38136	
483.523	1598.49477	
483.98	1704.17703	
484.436	1832.94182	
484.893	1944.95316	
485.349	1941.86278	
485.805	1712.32917	
486.262	1629.93828	
486.718	1676.68732	
487.174	1711.30998	
487.631	1669.56638	
488.087	1752.11671	
488.543	1886.3081	
488.999	2104.14663	
489.455	2322.90862	
489.912	2790.17178	
490.368	4262.37609	
490.824	6700.88851	
491.28	7250.77039	
491.736	3535.4514	
492.192	1830.89186	
492.648	1719.46494	
493.104	1697.04653	
493.56	1708.2527	
494.016	1703.15823	
494.472	1680.75754	
494.928	1721.50418	
495.383	1807.33129	
495.839	1789.9335	
496.295	1766.41783	
496.751	1834.99197	
497.207	1887.33564	
497.662	2201.83583	
498.118	2833.78066	
498.574	3665.68946	
499.029	4689.78352	
499.485	7894.29361	
499.94	15874.10472	
500.396	25312.72537	
500.852	18310.92022	
501.307	4811.37034	
501.763	2128.01367	
502.218	2005.81534	
502.673	1942.89286	
503.129	2237.26404	
503.584	2523.45503	
504.04	2354.31145	
504.495	1941.86278	
504.95	1854.47799	
505.406	1765.396	
505.861	1739.86632	
506.316	1752.11671	
506.771	1710.29084	
507.227	1715.38706	
507.682	1677.7048	
508.137	1661.43121	
508.592	1690.93665	
509.047	1723.54362	
509.502	1703.15823	
509.957	1696.02809	
510.412	1692.97307	
510.867	1690.93665	
511.322	1650.25067	
511.777	1685.84646	
512.232	1732.72357	
512.687	1736.80484	
513.142	1713.34842	
513.597	1676.68732	
514.052	1651.26683	
514.506	1673.63518	
514.961	1723.54362	
515.416	1697.04653	
515.871	1689.91851	
516.325	1649.23456	
516.78	1655.33197	
517.235	1703.15823	
517.689	1673.63518	
518.144	1664.48151	
518.598	1641.10756	
519.053	1655.33197	
519.507	1671.60068	
519.962	1683.81074	
520.416	1690.93665	
520.871	1667.53228	
521.325	1677.7048	
521.78	1692.97307	
522.234	1671.60068	
522.688	1692.97307	
523.143	1667.53228	
523.597	1667.53228	
524.051	1668.5493	
524.505	1645.17065	
524.96	1704.17703	
525.414	1672.6179	
525.868	1676.68732	
526.322	1667.53228	
526.776	1747.01151	
527.23	1695.0097	
527.684	1650.25067	
528.138	1720.48453	
528.592	1684.82858	
529.046	1770.50564	
529.5	1687.88238	
529.954	1663.46469	
530.408	1744.96978	
530.862	1663.46469	
531.316	1699.08356	
531.77	1679.73991	
532.224	1674.65251	
532.677	1711.30998	
533.131	1710.29084	
533.585	1691.95484	
534.039	1752.11671	
534.492	1651.26683	
534.946	1719.46494	
535.4	1689.91851	
535.853	1665.49838	
536.307	1725.58326	
536.76	1722.52387	
537.214	1706.21476	
537.667	1696.02809	
538.121	1659.39792	
538.574	1695.0097	
539.028	1676.68732	
539.481	1730.68323	
539.935	1723.54362	
540.388	1660.41454	
540.841	1753.13789	
541.295	1709.27174	
541.748	1761.30918	
542.201	1712.32917	
542.654	1723.54362	
543.108	1744.96978	
543.561	1705.19587	
544.014	1704.17703	
544.467	1701.1208	
544.92	1757.22314	
545.373	1657.36484	
545.826	1698.06502	
546.279	1684.82858	
546.732	1717.4259	
547.185	1710.29084	
547.638	1745.99062	
548.091	1706.21476	
548.544	1695.0097	
548.997	1720.48453	
549.45	1772.54985	
549.903	1790.95651	
550.356	1756.20175	
550.808	1774.59424	
551.261	1739.86632	
551.714	1749.05344	
552.166	1723.54362	
552.619	1707.2337	
553.072	1751.09557	
553.524	1704.17703	
553.977	1727.6231	
554.43	1734.76411	
554.882	1722.52387	
555.335	1730.68323	
555.787	1738.84578	
556.24	1734.76411	
556.692	1756.20175	
557.144	1773.57202	
557.597	1780.72862	
558.049	1752.11671	
558.502	1745.99062	
558.954	1748.03245	
559.406	1750.07448	
559.858	1717.4259	
560.311	1730.68323	
560.763	1752.11671	
561.215	1743.94899	
561.667	1765.396	
562.119	1738.84578	
562.572	1738.84578	
563.024	1802.21283	
563.476	1759.26606	
563.928	1830.89186	
564.38	1859.60877	
564.832	1793.00267	
565.284	1873.98133	
565.736	1822.69397	
566.188	1862.68782	
566.639	1938.77281	
567.091	1829.86696	
567.543	1933.62381	
567.995	1932.59415	
568.447	1890.41854	
568.899	1963.50424	
569.35	1922.30013	
569.802	2005.81534	
570.254	2072.01506	
570.705	2083.41169	
571.157	2077.19468	
571.609	2203.91848	
572.06	2281.09576	
572.512	2183.09972	
572.963	2123.86121	
573.415	2144.63053	
573.866	2162.29819	
574.318	2229.96598	
574.769	2182.05923	
575.22	2303.03926	
575.672	2282.14027	
576.123	2258.12705	
576.575	2365.83501	
577.026	2329.18624	
577.477	2368.97865	
577.928	2479.23247	
578.38	2482.38896	
578.831	2523.45503	
579.282	2681.93669	
579.733	2782.73217	
580.184	2998.085	
580.635	3492.11977	
581.086	4052.94108	
581.537	4411.90938	
581.988	4480.18301	
582.439	4307.42193	
582.89	4689.78352	
583.341	6069.89479	
583.792	9612.85562	
584.243	19183.66889	
584.694	38935.94622	
585.145	61693.09451	
585.596	76736.73822	
586.046	76736.73822	
586.497	76736.73822	
586.948	76736.73822	
587.399	65043.05953	
587.849	11454.47087	
588.3	6760.11697	
588.751	5369.21412	
589.201	4509.93453	
589.652	3910.80946	
590.102	3745.08946	
590.553	3875.87824	
591.003	3875.87824	
591.454	4239.31556	
591.904	3820.25322	
592.355	3034.46417	
592.805	2658.64066	
593.256	2478.18038	
593.706	2493.96575	
594.156	2359.54883	
594.607	2410.92846	
595.057	2280.05129	
595.507	2199.75335	
595.957	2221.62789	
596.408	2164.37756	
596.858	2212.25078	
597.308	2128.01367	
597.758	2130.09016	
598.208	2210.16745	
598.658	2112.44556	
599.108	2110.37056	
599.558	2078.23074	
600.008	2124.89926	
600.458	2144.63053	
600.908	2053.37771	
601.358	2110.37056	
601.808	2063.73	
602.258	2054.41274	
602.708	2112.44556	
603.157	2068.90783	
603.607	2013.0469	
604.057	2068.90783	
604.507	1939.80275	
604.956	1968.65998	
605.406	1969.69127	
605.856	1864.74075	
606.305	1836.01711	
606.755	1816.54759	
607.205	1876.03531	
607.654	1786.86476	
608.104	1797.09559	
608.553	1779.7061	
609.003	1811.42694	
609.452	1799.14234	
609.901	1813.47505	
610.351	1784.81919	
610.8	1831.91681	
611.25	1773.57202	
611.699	1738.84578	
612.148	1788.91054	
612.597	1801.18928	
613.047	1777.66121	
613.496	1779.7061	
613.945	1740.88691	
614.394	1801.18928	
614.843	1810.40295	
615.293	1788.91054	
615.742	1743.94899	
616.191	1762.33081	
616.64	1752.11671	
617.089	1744.96978	
617.538	1769.48362	
617.987	1768.46164	
618.436	1731.70338	
618.885	1755.18042	
619.333	1823.71854	
619.782	1788.91054	
620.231	1756.20175	
620.68	1724.56341	
621.129	1761.30918	
621.577	1727.6231	
622.026	1780.72862	
622.475	1804.26007	
622.924	1771.52772	
623.372	1729.66314	
623.821	1780.72862	
624.269	1772.54985	
624.718	1730.68323	
625.167	1760.28759	
625.615	1744.96978	
626.064	1788.91054	
626.512	1755.18042	
626.96	1723.54362	
627.409	1798.11894	
627.857	1785.84195	
628.306	1781.75119	
628.754	1738.84578	
629.202	1719.46494	
629.651	1763.35249	
630.099	1730.68323	
630.547	1726.60315	
630.995	1775.61652	
631.443	1704.17703	
631.892	1733.74381	
632.34	1748.03245	
632.788	1753.13789	
633.236	1712.32917	
633.684	1721.50418	
634.132	1715.38706	
634.58	1778.68363	
635.028	1747.01151	
635.476	1719.46494	
635.924	1747.01151	
636.372	1739.86632	
636.82	1799.14234	
637.267	1760.28759	
637.715	1807.33129	
638.163	1797.09559	
638.611	1811.42694	
639.059	1906.86789	
639.506	1950.10472	
639.954	1785.84195	
640.402	1754.15913	
640.849	1767.43971	
641.297	1786.86476	
641.745	1749.05344	
642.192	1740.88691	
642.64	1741.90756	
643.087	1740.88691	
643.535	1670.5835	
643.982	1798.11894	
644.429	1732.72357	
644.877	1711.30998	
645.324	1780.72862	
645.772	1664.48151	
646.219	1739.86632	
646.666	1751.09557	
647.113	1704.17703	
647.561	1724.56341	
648.008	1763.35249	
648.455	1735.78445	
648.902	1680.75754	
649.349	1754.15913	
649.797	1760.28759	
650.244	1740.88691	
650.691	1747.01151	
651.138	1760.28759	
651.585	1741.90756	
652.032	1751.09557	
652.479	1761.30918	
652.926	1844.22002	
653.373	1855.50405	
653.819	2086.5208	
654.266	2300.94861	
654.713	2774.23184	
655.16	4286.54329	
655.607	4792.56889	
656.053	2748.74431	
656.5	1937.74292	
656.947	1883.22576	
657.394	1802.21283	
657.84	1801.18928	
658.287	1890.41854	
658.733	1854.47799	
659.18	1931.56454	
659.626	1920.24188	
660.073	2040.9609	
660.519	2224.75435	
660.966	2276.91813	
661.412	2386.79947	
661.859	2366.88285	
662.305	2327.09354	
662.752	2284.22942	
663.198	2458.19816	
663.644	2724.33782	
664.09	3363.45859	
664.537	5128.21497	
664.983	9991.17624	
665.429	19818.37298	
665.875	34825.15793	
666.321	62475.0368	
666.768	76736.73822	
667.214	76736.73822	
667.66	44328.18648	
668.106	9525.12563	
668.552	4247.00151	
668.998	3164.22398	
669.444	2716.91348	
669.89	2426.67613	
670.336	2245.60722	
670.781	2206.0013	
671.227	2149.8256	
671.673	2260.21428	
672.119	2283.18483	
672.565	2245.60722	
673.01	2125.93735	
673.456	1970.7226	
673.902	1807.33129	
674.348	1809.37902	
674.793	1754.15913	
675.239	1728.64309	
675.684	1760.28759	
676.13	1704.17703	
676.576	1710.29084	
677.021	1691.95484	
677.467	1737.82529	
677.912	1657.36484	
678.357	1689.91851	
678.803	1706.21476	
679.248	1666.51531	
679.694	1610.66056	
680.139	1651.26683	
680.584	1660.41454	
681.03	1680.75754	
681.475	1658.38136	
681.92	1630.95341	
682.365	1653.29929	
682.81	1639.07632	
683.256	1643.139	
683.701	1684.82858	
684.146	1675.66989	
684.591	1647.2025	
685.036	1682.79296	
685.481	1723.54362	
685.926	1657.36484	
686.371	1645.17065	
686.816	1643.139	
687.261	1671.60068	
687.706	1656.34838	
688.15	1653.29929	
688.595	1717.4259	
689.04	1705.19587	
689.485	1666.51531	
689.93	1726.60315	
690.374	1728.64309	
690.819	1761.30918	
691.264	1769.48362	
691.708	1821.66945	
692.153	1928.47598	
692.598	1844.22002	
693.042	1854.47799	
693.487	1859.60877	
693.931	1878.08949	
694.376	1914.06828	
694.82	1933.62381	
695.264	1960.41134	
695.709	1972.78541	
696.153	2034.75493	
696.598	2015.11347	
697.042	2120.74732	
697.486	2179.97839	
697.931	2274.82956	
698.375	2397.28774	
698.819	2706.31033	
699.263	2972.42786	
699.707	3176.04245	
700.152	3135.23041	
700.596	3003.43256	
701.04	3022.69041	
701.484	3211.5195	
701.928	3551.71138	
702.372	4116.46492	
702.816	5249.21202	
703.26	7905.45988	
703.704	15637.00356	
704.148	35707.0718	
704.591	75472.08387	
705.035	76736.73822	
705.479	76736.73822	
705.923	76736.73822	
706.367	76736.73822	
706.81	35567.82989	
707.254	11340.94513	
707.698	6363.49689	
708.142	4706.35367	
708.585	3943.57758	
709.029	3355.90227	
709.472	3074.09476	
709.916	2857.20428	
710.359	2855.07418	
710.803	3041.95855	
711.246	3227.65605	
711.69	3028.04165	
712.133	2598.36525	
712.577	2459.24951	
713.02	2294.67767	
713.463	2137.35928	
713.907	1993.42361	
714.35	1967.62874	
714.793	1894.52974	
715.237	1841.14357	
715.68	1780.72862	
716.123	1863.71426	
716.566	1777.66121	
717.009	1824.74315	
717.452	1754.15913	
717.895	1829.86696	
718.338	1715.38706	
718.782	1784.81919	
719.225	1761.30918	
719.667	1760.28759	
720.11	1815.52336	
720.553	1787.88763	
720.996	1838.06755	
721.439	1862.68782	
721.882	1873.98133	
722.325	1800.16579	
722.768	1804.26007	
723.21	1849.34841	
723.653	1857.55632	
724.096	1968.65998	
724.538	1993.42361	
724.981	2317.6784	
725.424	2941.45039	
725.866	5043.92474	
726.309	9215.04842	
726.751	16458.73056	
727.194	28116.46696	
727.636	23166.48167	
728.079	11614.20522	
728.521	4678.73852	
728.964	2402.53337	
729.406	1950.10472	
729.849	1821.66945	
730.291	1800.16579	
730.733	1665.49838	
731.175	1645.17065	
731.618	1674.65251	
732.06	1599.5083	
732.502	1653.29929	
732.944	1667.53228	
733.386	1635.01445	
733.829	1592.41468	
734.271	1606.60447	
734.713	1572.16124	
735.155	1599.5083	
735.597	1516.5726	
736.039	1552.93986	
736.481	1586.33645	
736.923	1514.55421	
737.365	1560.01922	
737.806	1540.80983	
738.248	1497.40652	
738.69	1541.82037	
739.132	1516.5726	
739.574	1523.63864	
740.015	1544.85233	
740.457	1527.67754	
740.899	1507.49153	
741.34	1498.41478	
741.782	1578.23508	
742.224	1509.50917	
742.665	1549.90664	
743.107	1531.71729	
743.548	1556.98489	
743.99	1506.48279	
744.431	1549.90664	
744.873	1521.6195	
745.314	1505.4741	
745.756	1505.4741	
746.197	1515.56338	
746.638	1517.58188	
747.08	1510.51808	
747.521	1499.4231	
747.962	1476.24544	
748.403	1462.15124	
748.845	1479.267	
749.286	1511.52703	
749.727	1552.93986	
750.168	1452.09044	
750.609	1536.76817	
751.05	1509.50917	
751.491	1490.3502	
751.932	1477.25258	
752.373	1486.3192	
752.814	1526.66773	
753.255	1536.76817	
753.696	1494.38206	
754.137	1492.36603	
754.578	1531.71729	
755.019	1524.64828	
755.459	1498.41478	
755.9	1474.23134	
756.341	1500.43147	
756.782	1511.52703	
757.222	1468.19032	
757.663	1514.55421	
758.104	1537.7785	
758.544	1494.38206	
758.985	1528.6874	
759.425	1483.29651	
759.866	1441.02982	
760.307	1481.28165	
760.747	1557.99628	
761.187	1502.44836	
761.628	1507.49153	
762.068	1504.46547	
762.509	1481.28165	
762.949	1457.12016	
763.389	1469.19702	
763.83	1450.07893	
764.27	1476.24544	
764.71	1482.28905	
765.15	1466.17708	
765.591	1481.28165	
766.031	1512.53604	
766.471	1498.41478	
766.911	1460.13865	
767.351	1467.18367	
767.791	1458.12627	
768.231	1486.3192	
768.671	1467.18367	
769.111	1497.40652	
769.551	1485.31158	
769.991	1454.10217	
770.431	1477.25258	
770.871	1460.13865	
771.31	1519.60058	
771.75	1428.9712	
772.19	1514.55421	
772.63	1504.46547	
773.069	1521.6195	
773.509	1485.31158	
773.949	1504.46547	
774.388	1546.87389	
774.828	1570.13705	
775.268	1819.62056	
775.707	2330.23265	
776.147	2955.33346	
776.586	3083.7411	
777.026	2568.80047	
777.465	2099.99822	
777.905	1785.84195	
778.344	1585.3236	
778.783	1542.83097	
779.223	1539.79933	
779.662	1500.43147	
780.101	1498.41478	
780.541	1474.23134	
780.98	1497.40652	
781.419	1524.64828	
781.858	1516.5726	
782.297	1499.4231	
782.737	1533.73748	
783.176	1494.38206	
783.615	1503.45689	
784.054	1483.29651	
784.493	1520.61002	
784.932	1533.73748	
785.371	1518.5912	
785.81	1498.41478	
786.249	1607.61841	
786.687	1535.75789	
787.126	1502.44836	
787.565	1506.48279	
788.004	1495.39016	
788.443	1463.15762	
788.881	1612.68891	
789.32	1503.45689	
789.759	1492.36603	
790.198	1498.41478	
790.636	1489.34237	
791.075	1518.5912	
791.513	1464.16405	
791.952	1468.19032	
792.39	1464.16405	
792.829	1413.90899	
793.267	1485.31158	
793.706	1493.37402	
794.144	1468.19032	
794.583	1460.13865	
795.021	1505.4741	
795.459	1426.9622	
795.898	1421.94064	
796.336	1494.38206	
796.774	1495.39016	
797.212	1447.06207	
797.651	1433.99467	
798.089	1496.39832	
798.527	1480.2743	
798.965	1441.02982	
799.403	1492.36603	
799.841	1456.11411	
800.279	1432.98987	
800.717	1487.32687	
801.155	1455.10811	
801.593	1459.13243	
802.031	1518.5912	
802.469	1438.01443	
802.907	1487.32687	
803.345	1418.92836	
803.783	1525.65798	
804.22	1465.17054	
804.658	1486.3192	
805.096	1590.38839	
805.534	1505.4741	
805.971	1489.34237	
806.409	1450.07893	
806.847	1457.12016	
807.284	1404.87758	
807.722	1482.28905	
808.159	1447.06207	
808.597	1449.07325	
809.034	1493.37402	
809.472	1495.39016	
809.909	1462.15124	
810.347	1498.41478	
810.784	1463.15762	
811.221	1526.66773	
811.659	1491.35809	
812.096	1482.28905	
812.533	1489.34237	
812.971	1460.13865	
813.408	1484.30402	
813.845	1499.4231	
814.282	1452.09044	
814.719	1449.07325	
815.156	1427.96667	
815.593	1508.50033	
816.03	1473.22437	
816.468	1465.17054	
816.905	1473.22437	
817.341	1473.22437	
817.778	1473.22437	
818.215	1465.17054	
818.652	1424.95341	
819.089	1470.20378	
819.526	1505.4741	
819.963	1522.62904	
820.4	1487.32687	
820.836	1479.267	
821.273	1489.34237	
821.71	1506.48279	
822.146	1482.28905	
822.583	1491.35809	
823.02	1492.36603	
823.456	1496.39832	
823.893	1446.05656	
824.329	1478.25976	
824.766	1494.38206	
825.202	1437.00941	
825.639	1512.53604	
826.075	1472.21745	
826.512	1479.267	
826.948	1432.98987	
827.384	1445.0511	
827.821	1438.01443	
828.257	1455.10811	
828.693	1490.3502	
829.129	1459.13243	
829.566	1467.18367	
830.002	1492.36603	
830.438	1456.11411	
830.874	1471.21059	
831.31	1455.10811	
831.746	1515.56338	
832.182	1479.267	
832.618	1523.63864	
833.054	1445.0511	
833.49	1485.31158	
833.926	1453.09627	
834.362	1535.75789	
834.798	1467.18367	
835.234	1481.28165	
835.67	1462.15124	
836.105	1447.06207	
836.541	1503.45689	
836.977	1483.29651	
837.413	1501.43989	
837.848	1467.18367	
838.284	1476.24544	
838.719	1495.39016	
839.155	1424.95341	
839.591	1486.3192	
840.026	1479.267	
840.462	1478.25976	
840.897	1442.03506	
841.333	1417.92438	
841.768	1468.19032	
842.203	1507.49153	
842.639	1530.70727	
843.074	1666.51531	
843.51	1916.12596	
843.945	1842.16901	
844.38	1641.10756	
844.815	1618.77522	
845.251	1552.93986	
845.686	1544.85233	
846.121	1462.15124	
846.556	1479.267	
846.991	1424.95341	
847.426	1458.12627	
847.861	1505.4741	
848.296	1466.17708	
848.731	1484.30402	
849.166	1431.98512	
849.601	1464.16405	
850.036	1485.31158	
850.471	1498.41478	
850.906	1438.01443	
851.341	1433.99467	
851.775	1472.21745	
852.21	1434.99953	
852.645	1430.98043	
853.08	1438.01443	
853.514	1479.267	
853.949	1432.98987	
854.384	1406.88418	
854.818	1448.06764	
855.253	1440.02464	
855.687	1419.9324	
856.122	1454.10217	
856.556	1470.20378	
856.991	1458.12627	
857.425	1453.09627	
857.86	1458.12627	
858.294	1448.06764	
858.728	1484.30402	
859.163	1469.19702	
859.597	1465.17054	
860.031	1458.12627	
860.465	1455.10811	
860.9	1414.91275	
861.334	1419.9324	
861.768	1454.10217	
862.202	1474.23134	
862.636	1447.06207	
863.07	1457.12016	
863.504	1457.12016	
863.938	1428.9712	
864.372	1451.08466	
864.806	1474.23134	
865.24	1479.267	
865.674	1426.9622	
866.108	1447.06207	
866.542	1462.15124	
866.976	1466.17708	
867.41	1492.36603	
867.843	1448.06764	
868.277	1467.18367	
868.711	1418.92836	
869.144	1470.20378	
869.578	1427.96667	
870.012	1495.39016	
870.445	1452.09044	
870.879	1442.03506	
871.312	1466.17708	
871.746	1442.03506	
872.179	1414.91275	
872.613	1420.93649	
873.046	1465.17054	
873.48	1457.12016	
873.913	1407.88756	
874.347	1494.38206	
874.78	1440.02464	
875.213	1456.11411	
875.646	1418.92836	
876.08	1471.21059	
876.513	1412.90528	
876.946	1430.98043	
877.379	1477.25258	
877.812	1447.06207	
878.245	1451.08466	
878.678	1485.31158	
879.112	1443.04035	
879.545	1442.03506	
879.978	1472.21745	
880.41	1403.87437	
880.843	1428.9712	
881.276	1488.33459	
881.709	1440.02464	
882.142	1429.97579	
882.575	1459.13243	
883.008	1443.04035	
883.44	1392.84264	
883.873	1429.97579	
884.306	1451.08466	
884.739	1411.90163	
885.171	1447.06207	
885.604	1448.06764	
886.036	1510.51808	
886.469	1423.9491	
886.902	1459.13243	
887.334	1439.01951	
887.767	1458.12627	
888.199	1370.79923	
888.631	1437.00941	
889.064	1418.92836	
889.496	1488.33459	
889.929	1393.84525	
890.361	1450.07893	
890.793	1402.87121	
891.225	1458.12627	
891.658	1454.10217	
892.09	1415.91657	
892.522	1445.0511	
892.954	1440.02464	
893.386	1437.00941	
893.818	1464.16405	
894.25	1423.9491	
894.683	1410.89803	
895.115	1434.99953	
895.547	1432.98987	
895.978	1434.99953	
896.41	1433.99467	
896.842	1407.88756	
897.274	1402.87121	
897.706	1391.84008	
898.138	1471.21059	
898.57	1467.18367	
899.001	1420.93649	
899.433	1434.99953	
899.865	1448.06764	
900.296	1409.89448	
900.728	1449.07325	
901.16	1414.91275	
901.591	1429.97579	
902.023	1459.13243	
902.454	1437.00941	
902.886	1457.12016	
903.317	1439.01951	
903.749	1440.02464	
904.18	1450.07893	
904.612	1433.99467	
905.043	1461.14492	
905.474	1559.00772	
905.906	1432.98987	
906.337	1417.92438	
906.768	1441.02982	
907.199	1428.9712	
907.631	1448.06764	
908.062	1424.95341	
908.493	1490.3502	
908.924	1420.93649	
909.355	1442.03506	
909.786	1488.33459	
910.217	1497.40652	
910.648	1462.15124	
911.079	1556.98489	
911.51	1538.78889	
911.941	1505.4741	
912.372	1488.33459	
912.803	1549.90664	
913.234	1516.5726	
913.664	1471.21059	
914.095	1486.3192	
914.526	1488.33459	
914.957	1465.17054	
915.387	1472.21745	
915.818	1479.267	
916.249	1464.16405	
916.679	1452.09044	
917.11	1492.36603	
917.54	1465.17054	
917.971	1455.10811	
918.401	1455.10811	
918.832	1493.37402	
919.262	1486.3192	
919.693	1451.08466	
920.123	1471.21059	
920.553	1502.44836	
920.984	1493.37402	
921.414	1514.55421	
921.844	1447.06207	
922.275	1473.22437	
922.705	1482.28905	
923.135	1430.98043	
923.565	1543.84162	
923.995	1430.98043	
924.425	1527.67754	
924.855	1556.98489	
925.285	1524.64828	
925.715	1569.12503	
926.145	1565.07748	
926.575	1476.24544	
927.005	1500.43147	
927.435	1490.3502	
927.865	1456.11411	
928.295	1460.13865	
928.725	1471.21059	
929.154	1472.21745	
929.584	1427.96667	
930.014	1458.12627	
930.444	1437.00941	
930.873	1422.94484	
931.303	1414.91275	
931.733	1401.8681	
932.162	1407.88756	
932.592	1393.84525	
933.021	1442.03506	
933.451	1495.39016	
933.88	1444.0457	
934.31	1432.98987	
934.739	1420.93649	
935.169	1463.15762	
935.598	1393.84525	
936.027	1476.24544	
936.457	1439.01951	
936.886	1444.0457	
937.315	1429.97579	
937.744	1444.0457	
938.173	1422.94484	
938.603	1422.94484	
939.032	1447.06207	
939.461	1423.9491	
939.89	1414.91275	
940.319	1431.98512	
940.748	1406.88418	
941.177	1451.08466	
941.606	1391.84008	
942.035	1418.92836	
942.464	1456.11411	
942.893	1398.85912	
943.322	1433.99467	
943.75	1432.98987	
944.179	1473.22437	
944.608	1448.06764	
945.037	1401.8681	
945.465	1462.15124	
945.894	1397.85623	
946.323	1480.2743	
946.751	1423.9491	
947.18	1410.89803	
947.608	1394.84791	
948.037	1438.01443	
948.465	1388.83275	
948.894	1431.98512	
949.322	1397.85623	
949.751	1415.91657	
950.179	1416.92045	
950.608	1394.84791	
951.036	1439.01951	
951.464	1403.87437	
951.893	1434.99953	
952.321	1406.88418	
952.749	1423.9491	
953.177	1432.98987	
953.605	1387.83042	
954.034	1425.95778	
954.462	1402.87121	
954.89	1409.89448	
955.318	1425.95778	
955.746	1420.93649	
956.174	1457.12016	
956.602	1444.0457	
957.03	1406.88418	
957.458	1441.02982	
957.885	1382.81958	
958.313	1412.90528	
958.741	1424.95341	
959.169	1391.84008	
959.597	1415.91657	
960.024	1455.10811	
960.452	1436.00444	
960.88	1455.10811	
961.308	1448.06764	
961.735	1412.90528	
962.163	1403.87437	
962.59	1432.98987	
963.018	1408.89099	
963.445	1439.01951	
963.873	1472.21745	
964.3	1421.94064	
964.728	1436.00444	
965.155	1430.98043	
965.582	1474.23134	
966.01	1411.90163	
966.437	1422.94484	
966.864	1412.90528	
967.292	1429.97579	
967.719	1445.0511	
968.146	1391.84008	
968.573	1426.9622	
969	1454.10217	
969.427	1417.92438	
969.855	1437.00941	
970.282	1407.88756	
970.709	1446.05656	
971.136	1425.95778	
971.563	1392.84264	
971.99	1431.98512	
972.416	1471.21059	
972.843	1447.06207	
973.27	1402.87121	
973.697	1431.98512	
974.124	1420.93649	
974.551	1429.97579	
974.977	1464.16405	
975.404	1406.88418	
975.831	1421.94064	
976.257	1429.97579	
976.684	1445.0511	
977.111	1417.92438	
977.537	1416.92045	
977.964	1522.62904	
978.39	1417.92438	
978.817	1393.84525	
979.243	1429.97579	
979.67	1444.0457	
980.096	1394.84791	
980.522	1437.00941	
980.949	1419.9324	
981.375	1456.11411	
981.801	1410.89803	
982.227	1409.89448	
982.654	1425.95778	
983.08	1436.00444	
983.506	1448.06764	
983.932	1430.98043	
984.358	1433.99467	
984.784	1412.90528	
985.21	1408.89099	
985.636	1368.79661	
986.062	1454.10217	
986.488	1469.19702	
986.914	1411.90163	
987.34	1458.12627	
987.766	1417.92438	
988.192	1426.9622	
988.618	1403.87437	
989.044	1397.85623	
989.469	1449.07325	
989.895	1427.96667	
990.321	1417.92438	
990.746	1424.95341	
991.172	1397.85623	
991.598	1397.85623	
992.023	1385.82592	
992.449	1429.97579	
992.874	1450.07893	
993.3	1431.98512	
993.725	1395.85063	
994.151	1450.07893	
994.576	1445.0511	
995.002	1464.16405	
995.427	1447.06207	
995.852	1408.89099	
996.278	1453.09627	
996.703	1462.15124	
997.128	1537.7785	
997.553	1412.90528	
997.979	1394.84791	
998.404	1432.98987	
998.829	1461.14492	
999.254	1412.90528	
999.679	1442.03506	
1000.104	1438.01443	
1000.529	1454.10217	
1000.954	1422.94484	
1001.379	1421.94064	
1001.804	1456.11411	
1002.229	1412.90528	
1002.654	1426.9622	
1003.078	1443.04035	
1003.503	1441.02982	
1003.928	1430.98043	
1004.353	1421.94064	
1004.778	1427.96667	
1005.202	1418.92836	
1005.627	1434.99953	
1006.052	1470.20378	
1006.476	1428.9712	
1006.901	1446.05656	
1007.325	1450.07893	
1007.75	1487.32687	
1008.174	1431.98512	
1008.599	1427.96667	
1009.023	1421.94064	
1009.448	1464.16405	
1009.872	1455.10811	
1010.296	1397.85623	
1010.721	1432.98987	
1011.145	1390.83758	
1011.569	1475.23836	
1011.993	1514.55421	
1012.418	1418.92836	
1012.842	1456.11411	
1013.266	1440.02464	
1013.69	1442.03506	
1014.114	1432.98987	
1014.538	1401.8681	
1014.962	1474.23134	
1015.386	1420.93649	
1015.81	1471.21059	
1016.234	1429.97579	
1016.658	1424.95341	
1017.082	1433.99467	
1017.506	1437.00941	
1017.93	1464.16405	
1018.353	1449.07325	
1018.777	1484.30402	
1019.201	1446.05656	
1019.625	1450.07893	
1020.048	1462.15124	
1020.472	1483.29651	
1020.896	1458.12627	
1021.319	1447.06207	
1021.743	1438.01443	
1022.166	1421.94064	
1022.59	1405.88085	
1023.013	1424.95341	
1023.437	1458.12627	
1023.86	1441.02982	
1024.284	1441.02982	
1024.707	1465.17054	
1025.13	1443.04035	
1025.554	1480.2743	
1025.977	1445.0511	
1026.4	1417.92438	
1026.823	1459.13243	
1027.246	1462.15124	
1027.67	1453.09627	
1028.093	1467.18367	
1028.516	1470.20378	
1028.939	1483.29651	
1029.362	1441.02982	
1029.785	1465.17054	
1030.208	1427.96667	
1030.631	1478.25976	
1031.054	1473.22437	
1031.477	1448.06764	
1031.9	1520.61002	
1032.322	1493.37402	
1032.745	1455.10811	
1033.168	1486.3192	
1033.591	1525.65798	
1034.013	1508.50033	
1034.436	1478.25976	
1034.859	1509.50917	
1035.281	1495.39016	
1035.704	1489.34237	
1036.127	1469.19702	
1036.549	1495.39016	
1036.972	1502.44836	
1037.394	1496.39832	
1037.817	1493.37402	
1038.239	1505.4741	
1038.661	1532.72736	
1039.084	1510.51808	
1039.506	1473.22437	
1039.928	1525.65798	
1040.351	1521.6195	
1040.773	1571.14912	
1041.195	1525.65798	
1041.617	1560.01922	
1042.04	1511.52703	
1042.462	1553.95104	
1042.884	1495.39016	
1043.306	1497.40652	
1043.728	1515.56338	
1044.15	1578.23508	
1044.572	1594.44116	
1044.994	1565.07748	
1045.416	1577.22264	
1045.838	1551.92873	
1046.26	1564.06572	
1046.682	1606.60447	
1047.103	1614.71748	
1047.525	1649.23456	
1047.947	1605.59057	
1048.369	1589.37533	
1048.79	1603.56294	
1049.212	1614.71748	
1049.634	1629.93828	
1050.055	1656.34838	
1050.477	1657.36484	
1050.898	1697.04653	
1051.32	1679.73991	
1051.741	1669.56638	
1052.163	1701.1208	
1052.584	1708.2527	
1053.006	1677.7048	
1053.427	1696.02809	
1053.848	1740.88691	
1054.27	1729.66314	
1054.691	1805.28376	
1055.112	1810.40295	
1055.533	1788.91054	
1055.955	1779.7061	
1056.376	1910.98212	
1056.797	1875.0083	
1057.218	1938.77281	
1057.639	1922.30013	
1058.06	1920.24188	
1058.481	1948.04396	
1058.902	1964.53529	
1059.323	1974.8484	
1059.744	2041.99539	
1060.165	2054.41274	
1060.586	2126.97549	
1061.007	2132.16683	
1061.428	2147.74744	
1061.848	2192.46603	
1062.269	2275.87382	
1062.69	2372.12266	
1063.111	2380.50844	
1063.531	2398.33678	
1063.952	2538.21094	
1064.373	2559.30376	
1064.793	2642.76712	
1065.214	2670.28648	
1065.634	2734.94703	
1066.055	2872.11876	
1066.475	2901.96748	
1066.896	3001.29344	
1067.316	3112.69515	
1067.736	3177.11704	
1068.157	3283.64676	
1068.577	3478.04595	
1068.997	3562.55456	
1069.418	3732.02874	
1069.838	3874.787	
1070.258	4092.36183	
1070.678	4208.58078	
1071.098	4394.3007	
1071.518	4611.39546	
1071.939	4968.56267	
1072.359	5202.57491	
1072.779	5492.65844	
1073.199	5785.52432	
1073.619	6015.22479	
1074.039	6230.61827	
1074.458	6671.83445	
1074.878	6937.81923	
1075.298	7402.76026	
1075.718	7863.02666	
1076.138	8364.13526	
1076.558	8738.66466	
1076.977	9436.25351	
1077.397	9825.94183	
1077.817	10622.22762	
1078.236	11295.74134	
1078.656	12147.81304	
1079.075	13098.32117	
1079.495	14176.73967	
1079.915	15345.26752	
1080.334	16879.5737	
1080.754	19052.00252	
1081.173	24443.39471	
1081.592	49180.96467	
1082.012	76571.62065	
1082.431	62908.90586	
1082.85	45838.00006	
1083.27	39880.53047	
1083.689	36190.41911	
1084.108	32507.06855	
1084.527	29700.09735	
1084.947	26336.80035	
1085.366	21983.85038	
1085.785	18136.76009	
1086.204	15386.789	
1086.623	13546.3959	
1087.042	12239.03264	
1087.461	11280.30407	
1087.88	10435.30051	
1088.299	9699.44439	
1088.718	9037.0583	
1089.137	8544.76745	
1089.555	7979.15052	
1089.974	7508.91673	
1090.393	7105.47335	
1090.812	6738.88371	
1091.231	6421.57543	
1091.649	6042.00052	
1092.068	5610.63565	
1092.487	5289.20049	
1092.905	4956.37687	
1093.324	4873.33129	
1093.742	4573.88392	
1094.161	4356.89665	
1094.579	4112.08183	
1094.998	3932.65273	
1095.416	3725.49964	
1095.835	3597.2697	
1096.253	3435.8513	
1096.671	3332.16267	
1097.09	3124.49765	
1097.508	3015.20002	
1097.926	2941.45039	
1098.344	2763.60958	
1098.763	2679.81814	
1099.181	2569.85585	
1099.599	2549.81011	
1100.017	2499.22948	
1100.435	2384.7023	
1100.853	2332.32561	
1101.271	2263.34543	
1101.689	2160.21899	
1102.107	2117.63383	
