HR600682_1:101		
189.266	1235.78013	
189.737	1238.11548	
190.209	1230.41501	
190.68	1236.97261	
191.152	1234.98519	
191.623	1238.51302	
192.095	1238.06579	
192.566	1239.85478	
193.038	1238.6124	
193.509	1241.44514	
193.98	1238.81118	
194.452	1237.37012	
194.923	1237.71795	
195.394	1237.61857	
195.865	1241.79306	
196.337	1239.00995	
196.808	1238.6621	
197.279	1242.24038	
197.75	1239.40751	
198.221	1241.04754	
198.692	1244.57661	
199.163	1234.78646	
199.634	1239.20873	
200.105	1240.25235	
200.576	1240.25235	
201.047	1241.09724	
201.518	1241.19664	
201.989	1246.51543	
202.46	1245.12344	
202.931	1240.69964	
203.402	1243.73156	
203.873	1241.89246	
204.344	1241.69365	
204.815	1237.91671	
205.285	1242.04157	
205.756	1235.92919	
206.227	1239.25843	
206.698	1241.39544	
207.168	1240.20266	
207.639	1240.40145	
208.11	1242.73743	
208.58	1240.35175	
209.051	1243.28419	
209.521	1242.58831	
209.992	1238.16517	
210.463	1241.94216	
210.933	1241.79306	
211.404	1242.78713	
211.874	1245.32228	
212.344	1241.19664	
212.815	1243.18478	
213.285	1246.46571	
213.756	1244.9743	
214.226	1248.60363	
214.696	1239.30812	
215.167	1245.81942	
215.637	1243.93039	
216.107	1241.59425	
216.577	1242.3895	
217.048	1241.09724	
217.518	1236.92292	
217.988	1238.96026	
218.458	1241.04754	
218.928	1243.53273	
219.398	1242.04157	
219.868	1243.43331	
220.338	1243.78126	
220.808	1242.4392	
221.278	1245.52114	
221.748	1247.41034	
222.218	1239.60629	
222.688	1244.22864	
223.158	1244.02981	
223.628	1248.70307	
224.098	1241.29604	
224.568	1241.04754	
225.038	1243.93039	
225.508	1240.35175	
225.977	1242.63802	
226.447	1243.93039	
226.917	1242.19068	
227.387	1247.06231	
227.856	1240.35175	
228.326	1247.60921	
228.796	1246.96288	
229.265	1247.80809	
229.735	1241.84276	
230.204	1244.47719	
230.674	1242.98595	
231.143	1243.83097	
231.613	1245.47142	
232.082	1245.22286	
232.552	1244.57661	
233.021	1246.416	
233.491	1240.30205	
233.96	1244.27835	
234.429	1248.5539	
234.899	1240.30205	
235.368	1243.3836	
235.837	1248.00697	
236.307	1247.90753	
236.776	1251.68667	
237.245	1245.71999	
237.714	1248.80252	
238.184	1249.89645	
238.653	1246.46571	
239.122	1247.5595	
239.591	1250.04563	
240.06	1246.06799	
240.529	1244.72574	
240.998	1251.43802	
241.467	1249.10085	
241.936	1245.47142	
242.405	1248.10641	
242.874	1249.74727	
243.343	1247.36062	
243.812	1247.70865	
244.281	1247.26118	
244.75	1245.62056	
245.218	1249.9959	
245.687	1244.82517	
246.156	1251.38829	
246.625	1247.21147	
247.094	1247.85781	
247.562	1245.81942	
248.031	1243.93039	
248.5	1243.93039	
248.968	1245.27257	
249.437	1248.20585	
249.906	1248.10641	
250.374	1246.416	
250.843	1249.2003	
251.311	1248.90196	
251.78	1246.06799	
252.248	1248.85224	
252.717	1244.5269	
253.185	1246.31656	
253.654	1247.01259	
254.122	1247.80809	
254.59	1244.72574	
255.059	1243.23448	
255.527	1242.88654	
255.995	1246.31656	
256.464	1246.66458	
256.932	1244.72574	
257.4	1245.91885	
257.868	1245.71999	
258.336	1243.93039	
258.805	1244.37777	
259.273	1247.11203	
259.741	1243.63214	
260.209	1244.32806	
260.677	1246.71429	
261.145	1245.02401	
261.613	1242.88654	
262.081	1249.34947	
262.549	1245.67028	
263.017	1247.16175	
263.485	1241.19664	
263.953	1241.64395	
264.421	1243.9801	
264.889	1246.36628	
265.357	1251.04018	
265.824	1248.65335	
266.292	1250.24453	
266.76	1245.02401	
267.228	1244.07952	
267.695	1246.31656	
268.163	1246.66458	
268.631	1245.32228	
269.098	1249.25003	
269.566	1250.34399	
270.034	1246.56514	
270.501	1248.25558	
270.969	1244.72574	
271.436	1251.63694	
271.904	1242.24038	
272.371	1247.50978	
272.839	1248.20585	
273.306	1245.22286	
273.774	1244.9743	
274.241	1248.60363	
274.708	1251.48775	
275.176	1243.08537	
275.643	1244.62632	
276.11	1247.01259	
276.578	1244.17893	
277.045	1249.05113	
277.512	1247.01259	
277.979	1246.31656	
278.447	1248.50418	
278.914	1245.47142	
279.381	1247.90753	
279.848	1248.65335	
280.315	1246.1177	
280.782	1248.15613	
281.249	1245.91885	
281.716	1249.3992	
282.183	1248.45446	
282.65	1247.75837	
283.117	1248.35502	
283.584	1249.44892	
284.051	1248.45446	
284.518	1244.27835	
284.985	1247.41034	
285.452	1250.24453	
285.918	1250.29426	
286.385	1245.07372	
286.852	1246.46571	
287.319	1250.19481	
287.785	1245.42171	
288.252	1249.15058	
288.719	1245.27257	
289.185	1243.3836	
289.652	1246.71429	
290.119	1243.9801	
290.585	1244.42748	
291.052	1246.1177	
291.518	1242.93625	
291.985	1244.57661	
292.451	1250.89099	
292.918	1245.81942	
293.384	1257.65542	
293.851	1259.24743	
294.317	1270.14673	
294.783	1287.92875	
295.25	1321.25018	
295.716	1372.80207	
296.182	1306.97609	
296.649	1254.72053	
297.115	1250.49317	
297.581	1254.27287	
298.047	1250.34399	
298.514	1254.1734	
298.98	1257.45643	
299.446	1260.74008	
299.912	1272.7357	
300.378	1290.02195	
300.844	1318.20474	
301.31	1343.78272	
301.776	1286.43377	
302.242	1267.90659	
302.708	1273.53238	
303.174	1275.22545	
303.64	1284.5403	
304.106	1309.9697	
304.572	1330.63943	
305.038	1389.13346	
305.503	1473.77819	
305.969	1569.42863	
306.435	1638.8732	
306.901	1780.882	
307.367	1934.75649	
307.832	1920.34479	
308.298	1946.13791	
308.764	1848.93809	
309.229	1857.55632	
309.695	1962.83407	
310.16	2244.98139	
310.626	2797.24099	
311.092	3777.75593	
311.557	5390.89259	
312.023	5760.45061	
312.488	4232.2892	
312.954	1760.33867	
313.419	1465.22086	
313.884	1450.33035	
314.35	1416.4185	
314.815	1392.19097	
315.28	1367.09457	
315.746	1342.18301	
316.211	1331.63858	
316.676	1322.94787	
317.142	1318.1049	
317.607	1318.70396	
318.072	1313.46288	
318.537	1312.96382	
319.002	1303.58395	
319.467	1310.41878	
319.933	1298.84603	
320.398	1292.61388	
320.863	1291.81632	
321.328	1292.61388	
321.793	1296.15347	
322.258	1297.00108	
322.723	1305.03052	
323.188	1304.88087	
323.652	1313.91206	
324.117	1322.59833	
324.582	1333.8369	
325.047	1345.93254	
325.512	1349.08275	
325.977	1333.73697	
326.441	1313.46288	
326.906	1309.27115	
327.371	1307.52488	
327.836	1307.12576	
328.3	1313.36307	
328.765	1314.26142	
329.23	1312.31505	
329.694	1325.39482	
330.159	1347.93261	
330.623	1358.93698	
331.088	1401.21611	
331.552	1462.95634	
332.017	1551.5243	
332.481	1682.69118	
332.946	1911.85649	
333.41	1941.09025	
333.874	1614.21032	
334.339	1602.59989	
334.803	1681.877	
335.267	1653.35011	
335.732	1520.81191	
336.196	1498.86852	
336.66	1448.16819	
337.125	1426.05821	
337.589	1409.09169	
338.053	1396.35201	
338.517	1383.2705	
338.981	1380.26459	
339.445	1374.45458	
339.909	1380.71545	
340.373	1387.57985	
340.837	1395.85063	
341.301	1408.48961	
341.765	1420.73567	
342.229	1437.21041	
342.693	1457.17047	
343.157	1467.234	
343.621	1483.04464	
344.085	1494.98692	
344.549	1519.49964	
345.013	1558.14799	
345.476	1591.85743	
345.94	1609.44364	
346.404	1661.68538	
346.868	1700.56054	
347.331	1738.43758	
347.795	1752.42306	
348.259	1698.778	
348.722	1584.91847	
349.186	1510.92165	
349.649	1469.59972	
350.113	1458.62934	
350.577	1451.73841	
351.04	1440.77852	
351.504	1445.40301	
351.967	1452.9454	
352.43	1461.49712	
352.894	1457.22077	
353.357	1463.45954	
353.821	1476.49722	
354.284	1500.38105	
354.747	1521.4176	
355.211	1556.83319	
355.674	1586.79226	
356.137	1600.57256	
356.6	1621.05807	
357.064	1611.06621	
357.527	1612.58749	
357.99	1652.28303	
358.453	1686.25363	
358.916	1743.94899	
359.379	1838.68272	
359.842	1972.88855	
360.305	2286.68439	
360.768	3058.23738	
361.231	4326.16319	
361.694	5948.40945	
362.157	9571.77078	
362.62	14048.154	
363.083	19779.5851	
363.546	29362.88733	
364.009	42269.51466	
364.471	27342.54281	
364.934	9413.58607	
365.397	6477.87395	
365.86	3407.09571	
366.322	1925.23345	
366.785	1786.86476	
367.248	1766.26455	
367.71	1667.07463	
368.173	1625.97976	
368.636	1621.97128	
369.098	1624.60968	
369.561	1641.05677	
370.023	1653.80744	
370.486	1673.73691	
370.948	1663.05798	
371.411	1592.56665	
371.873	1480.7276	
372.336	1434.09516	
372.798	1422.49294	
373.26	1435.8537	
373.723	1438.31595	
374.185	1440.97956	
374.647	1441.93453	
375.109	1437.36116	
375.572	1436.75816	
376.034	1435.70296	
376.496	1426.81153	
376.958	1410.04501	
377.42	1394.49697	
377.883	1392.84264	
378.345	1387.57985	
378.807	1397.50524	
379.269	1397.30467	
379.731	1396.80326	
380.193	1384.27258	
380.655	1387.93065	
381.117	1395.49967	
381.579	1408.64013	
382.041	1415.86638	
382.502	1438.81849	
382.964	1458.72996	
383.426	1490.95493	
383.888	1518.64167	
384.35	1551.42319	
384.811	1584.96911	
385.273	1618.97813	
385.735	1652.99441	
386.197	1636.94374	
386.658	1614.51461	
387.12	1620.09417	
387.581	1525.70847	
388.043	1470.50581	
388.505	1470.70717	
388.966	1476.49722	
389.428	1486.26881	
389.889	1490.04785	
390.351	1469.34803	
390.812	1480.47576	
391.273	1494.23085	
391.735	1508.65165	
392.196	1513.79737	
392.658	1527.82901	
393.119	1549.85609	
393.58	1577.93134	
394.041	1596.36652	
394.503	1632.83154	
394.964	1675.87337	
395.425	1729.0511	
395.886	1791.41688	
396.347	1875.77856	
396.809	1983.77296	
397.27	2134.2956	
397.731	2287.46793	
398.192	2457.56738	
398.653	2663.77487	
399.114	2834.68536	
399.575	2983.70402	
400.036	3112.26603	
400.497	3287.041	
400.958	3994.84327	
401.419	5089.99921	
401.879	8442.70014	
402.34	12738.78834	
402.801	18372.27239	
403.262	27583.74594	
403.723	37209.64628	
404.183	15452.29372	
404.644	3090.49504	
405.105	2613.15862	
405.565	3006.9624	
406.026	3642.16597	
406.487	4768.29863	
406.947	5310.92165	
407.408	2525.35179	
407.868	1614.61604	
408.329	1542.47726	
408.789	1529.39433	
409.25	1523.08335	
409.71	1522.57857	
410.171	1516.77445	
410.631	1503.70903	
411.092	1505.72627	
411.552	1506.53323	
412.012	1517.43048	
412.473	1529.59631	
412.933	1537.62695	
413.393	1547.63204	
413.853	1554.35553	
414.313	1563.66103	
414.774	1562.4976	
415.234	1581.77902	
415.694	1605.13434	
416.154	1648.47252	
416.614	1687.83148	
417.074	1746.65419	
417.534	1806.00037	
417.994	1872.28693	
418.454	1948.14699	
418.914	2019.19547	
419.374	2062.43572	
419.834	2080.92469	
420.294	2002.09713	
420.754	1802.98052	
421.214	1584.36144	
421.673	1518.137	
422.133	1533.73748	
422.593	1536.51559	
423.053	1543.63949	
423.512	1549.3506	
423.972	1552.68707	
424.432	1563.50928	
424.891	1581.52586	
425.351	1593.52922	
425.811	1603.36019	
426.27	1616.54336	
426.73	1631.41024	
427.189	1645.88178	
427.649	1666.76954	
428.108	1715.13222	
428.568	1774.13424	
429.027	1835.40202	
429.487	1933.26343	
429.946	2107.414	
430.405	2298.02199	
430.865	2611.89033	
431.324	3268.07998	
431.783	5133.20781	
432.242	8969.11276	
432.702	13084.72906	
433.161	22044.575	
433.62	40354.27205	
434.079	63531.91668	
434.538	76736.73822	
434.998	76736.73822	
435.457	31027.5442	
435.916	4338.0921	
436.375	2632.77102	
436.834	2391.36137	
437.293	2313.28581	
437.752	2222.56579	
438.211	2167.65293	
438.669	2143.95525	
439.128	1754.7719	
439.587	1623.84857	
440.046	1581.07018	
440.505	1549.30005	
440.964	1513.44419	
441.422	1495.99505	
441.881	1483.34688	
442.34	1484.10251	
442.799	1468.59299	
443.257	1465.52282	
443.716	1461.24555	
444.175	1455.7117	
444.633	1453.49862	
445.092	1451.98986	
445.55	1456.66743	
446.009	1451.43667	
446.467	1452.34189	
446.926	1452.9454	
447.384	1451.38638	
447.843	1459.63553	
448.301	1463.71115	
448.759	1462.30219	
449.218	1469.29769	
449.676	1469.8514	
450.134	1470.90854	
450.593	1458.47842	
451.051	1442.43717	
451.509	1438.76823	
451.967	1428.4187	
452.425	1425.2045	
452.884	1427.66532	
453.342	1424.35082	
453.8	1428.31825	
454.258	1423.54739	
454.716	1421.33814	
455.174	1423.89888	
455.632	1417.22162	
456.09	1415.11351	
456.548	1415.766	
457.006	1412.00199	
457.464	1407.78722	
457.922	1413.55769	
458.379	1408.64013	
458.837	1411.95181	
459.295	1407.28552	
459.753	1404.32581	
460.211	1400.36355	
460.668	1401.36657	
461.126	1398.10695	
461.584	1395.29913	
462.041	1396.70298	
462.499	1393.04315	
462.957	1392.79251	
463.414	1389.58454	
463.872	1389.9855	
464.329	1391.84008	
464.787	1388.53205	
465.244	1390.23611	
465.702	1390.28623	
466.159	1391.03808	
466.617	1386.62769	
467.074	1390.38648	
467.531	1384.3728	
467.989	1383.77154	
468.446	1379.16255	
468.903	1382.46888	
469.361	1379.06237	
469.818	1378.96218	
470.275	1378.36111	
470.732	1378.51137	
471.189	1375.20577	
471.646	1374.85521	
472.104	1378.26093	
472.561	1374.95537	
473.018	1371.09964	
473.475	1373.15259	
473.932	1371.40006	
474.389	1371.40006	
474.846	1369.54757	
475.303	1367.09457	
475.76	1369.99816	
476.216	1367.19468	
476.673	1366.59399	
477.13	1365.14241	
477.587	1368.69649	
478.044	1368.99687	
478.501	1365.74305	
478.957	1370.34862	
479.414	1366.84428	
479.871	1372.40148	
480.327	1368.09575	
480.784	1368.14581	
481.241	1371.65041	
481.697	1367.99563	
482.154	1373.85365	
482.61	1370.14836	
483.067	1371.80062	
483.523	1362.63996	
483.98	1366.74416	
484.436	1373.70342	
484.893	1378.26093	
485.349	1383.01999	
485.805	1369.09699	
486.262	1368.04569	
486.718	1374.30434	
487.174	1376.80841	
487.631	1377.60978	
488.087	1389.88526	
488.543	1402.26934	
488.999	1415.1637	
489.455	1455.00751	
489.912	1548.28912	
490.368	1707.7432	
490.824	1705.3487	
491.28	1428.46893	
491.736	1370.74916	
492.192	1364.742	
492.648	1360.38806	
493.104	1358.48667	
493.56	1362.48983	
494.016	1360.83842	
494.472	1360.83842	
494.928	1361.78921	
495.383	1367.49503	
495.839	1359.08708	
496.295	1361.08862	
496.751	1365.64294	
497.207	1364.79205	
497.662	1363.29057	
498.118	1363.29057	
498.574	1366.2436	
499.029	1364.44169	
499.485	1360.03779	
499.94	1365.39268	
500.396	1359.93771	
500.852	1365.79311	
501.307	1368.39612	
501.763	1363.8411	
502.218	1369.69776	
502.673	1360.53818	
503.129	1364.24149	
503.584	1361.33883	
504.04	1365.19247	
504.495	1369.99816	
504.95	1366.74416	
505.406	1366.09344	
505.861	1370.8493	
506.316	1370.54889	
506.771	1365.84316	
507.227	1368.39612	
507.682	1360.1879	
508.137	1363.99124	
508.592	1364.44169	
509.047	1365.39268	
509.502	1362.08947	
509.957	1361.539	
510.412	1362.89019	
510.867	1369.04693	
511.322	1362.33969	
511.777	1371.40006	
512.232	1370.44876	
512.687	1374.95537	
513.142	1372.85214	
513.597	1370.14836	
514.052	1367.59515	
514.506	1365.79311	
514.961	1370.8493	
515.416	1368.14581	
515.871	1362.48983	
516.325	1362.69001	
516.78	1356.53545	
517.235	1363.94119	
517.689	1360.63825	
518.144	1360.9385	
518.598	1353.13383	
519.053	1354.53442	
519.507	1355.28478	
519.962	1361.98938	
520.416	1359.58745	
520.871	1360.08782	
521.325	1364.59184	
521.78	1366.04338	
522.234	1363.741	
522.688	1368.29599	
523.143	1369.24718	
523.597	1367.89551	
524.051	1372.15112	
524.505	1372.35141	
524.96	1377.86022	
525.414	1372.90222	
525.868	1374.30434	
526.322	1373.50311	
526.776	1378.11066	
527.23	1378.11066	
527.684	1384.32269	
528.138	1399.91221	
528.592	1404.17533	
529.046	1420.63526	
529.5	1411.65072	
529.954	1413.45731	
530.408	1427.91645	
530.862	1432.2363	
531.316	1436.85866	
531.77	1441.68322	
532.224	1440.57748	
532.677	1453.49862	
533.131	1468.69366	
533.585	1473.32506	
534.039	1487.93149	
534.492	1493.87803	
534.946	1492.31563	
535.4	1503.15432	
535.853	1513.39374	
536.307	1537.12178	
536.76	1546.92444	
537.214	1557.49058	
537.667	1581.22207	
538.121	1633.89759	
538.574	1689.8676	
539.028	1745.32707	
539.481	1945.72582	
539.935	2203.34573	
540.388	2304.39826	
540.841	2393.66883	
541.295	2426.04605	
541.748	2778.64111	
542.201	4009.93658	
542.654	7591.15053	
543.108	14315.08899	
543.561	21302.26998	
544.014	33618.44917	
544.467	73167.7963	
544.92	76736.73822	
545.373	76736.73822	
545.826	24279.48018	
546.279	4098.71536	
546.732	2615.69536	
547.185	2239.08888	
547.638	2041.27124	
548.091	1925.33638	
548.544	1963.91665	
548.997	2006.64169	
549.45	2077.55729	
549.903	2146.96818	
550.356	1732.62155	
550.808	1591.60414	
551.261	1527.22312	
551.714	1501.43989	
552.166	1472.51952	
552.619	1448.62072	
553.072	1431.28183	
553.524	1421.0369	
553.977	1413.00565	
554.43	1404.17533	
554.882	1402.87121	
555.335	1397.90638	
555.787	1392.54187	
556.24	1389.68478	
556.692	1383.87175	
557.144	1384.72354	
557.597	1379.16255	
558.049	1379.71356	
558.502	1378.96218	
558.954	1379.96403	
559.406	1378.91209	
559.858	1379.91393	
560.311	1373.40296	
560.763	1379.61338	
561.215	1382.26848	
561.667	1385.27472	
562.119	1384.57322	
562.572	1383.97195	
563.024	1392.49174	
563.476	1388.081	
563.928	1397.10411	
564.38	1394.3967	
564.832	1392.49174	
565.284	1393.19354	
565.736	1395.9509	
566.188	1403.12199	
566.639	1415.66561	
567.091	1397.65566	
567.543	1406.73368	
567.995	1399.81191	
568.447	1401.8681	
568.899	1409.79413	
569.35	1415.06332	
569.802	1421.48876	
570.254	1451.48696	
570.705	1477.25258	
571.157	1491.10611	
571.609	1504.61676	
572.06	1516.77445	
572.512	1575.7547	
572.963	1680.2996	
573.415	1919.36719	
573.866	2536.1552	
574.318	3542.27989	
574.769	4709.22615	
575.22	7611.03718	
575.672	19195.95957	
576.123	32133.54993	
576.575	10131.81285	
577.026	6123.18068	
577.477	10152.80703	
577.928	27918.3745	
578.38	25384.99341	
578.831	4170.51188	
579.282	1814.75522	
579.733	1610.81268	
580.184	1548.39021	
580.635	1532.37383	
581.086	1511.02255	
581.537	1464.56664	
581.988	1451.48696	
582.439	1446.45876	
582.89	1459.9374	
583.341	1447.11235	
583.792	1397.75595	
584.243	1386.12658	
584.694	1374.50465	
585.145	1372.45155	
585.596	1365.39268	
586.046	1368.09575	
586.497	1360.33802	
586.948	1363.44071	
587.399	1364.19144	
587.849	1368.09575	
588.3	1360.38806	
588.751	1359.3873	
589.201	1354.43437	
589.652	1350.63305	
590.102	1348.08262	
590.553	1344.98258	
591.003	1344.73261	
591.454	1351.48328	
591.904	1347.73259	
592.355	1345.28256	
592.805	1343.13282	
593.256	1347.03255	
593.706	1347.48257	
594.156	1343.98269	
594.607	1352.83372	
595.057	1344.43263	
595.507	1333.48715	
595.957	1337.83455	
596.408	1337.63465	
596.858	1344.03268	
597.308	1349.08275	
597.758	1356.23528	
598.208	1356.28531	
598.658	1353.58401	
599.108	1355.53491	
599.558	1353.88413	
600.008	1353.38393	
600.458	1358.03637	
600.908	1344.93259	
601.358	1350.8331	
601.808	1347.18256	
602.258	1350.03292	
602.708	1355.83506	
603.157	1357.83624	
603.607	1351.23321	
604.057	1352.18349	
604.507	1341.0833	
604.956	1344.38264	
605.406	1346.58254	
605.856	1338.43428	
606.305	1347.08255	
606.755	1336.58519	
607.205	1330.7893	
607.654	1325.79436	
608.104	1326.79323	
608.553	1325.245	
609.003	1327.84211	
609.452	1327.14285	
609.901	1329.64034	
610.351	1325.94418	
610.8	1333.38722	
611.25	1342.233	
611.699	1337.23485	
612.148	1327.09291	
612.597	1318.85373	
613.047	1321.64962	
613.496	1320.60111	
613.945	1319.40288	
614.394	1318.90365	
614.843	1320.05191	
615.293	1321.35004	
615.742	1318.60411	
616.191	1315.30956	
616.64	1314.31133	
617.089	1314.46106	
617.538	1309.32104	
617.987	1313.01372	
618.436	1311.01758	
618.885	1310.96768	
619.333	1313.66252	
619.782	1312.864	
620.231	1311.96572	
620.68	1311.36689	
621.129	1312.96382	
621.577	1314.51097	
622.026	1318.60411	
622.475	1334.93617	
622.924	1326.34373	
623.372	1310.61838	
623.821	1312.8141	
624.269	1313.46288	
624.718	1310.66828	
625.167	1313.31316	
625.615	1310.21919	
626.064	1315.01009	
626.512	1312.06553	
626.96	1312.864	
627.409	1317.75546	
627.857	1321.4499	
628.306	1318.00506	
628.754	1319.95206	
629.202	1316.45759	
629.651	1315.70887	
630.099	1312.11543	
630.547	1315.8087	
630.995	1314.31133	
631.443	1309.57052	
631.892	1309.42083	
632.34	1312.76419	
632.788	1313.06363	
633.236	1311.01758	
633.684	1311.91582	
634.132	1319.05342	
634.58	1318.8038	
635.028	1323.64696	
635.476	1322.49847	
635.924	1323.6969	
636.372	1321.4499	
636.82	1327.34264	
637.267	1325.94418	
637.715	1333.88687	
638.163	1322.2488	
638.611	1322.14894	
639.059	1320.45133	
639.506	1326.29379	
639.954	1324.29615	
640.402	1323.19754	
640.849	1332.18813	
641.297	1337.5347	
641.745	1338.33432	
642.192	1342.38297	
642.64	1345.28256	
643.087	1347.03255	
643.535	1341.98306	
643.982	1352.4836	
644.429	1344.63261	
644.877	1347.63258	
645.324	1349.9329	
645.772	1345.53255	
646.219	1341.13329	
646.666	1334.53643	
647.113	1334.38653	
647.561	1333.03748	
648.008	1334.03676	
648.455	1335.33592	
648.902	1331.28887	
649.349	1341.28325	
649.797	1346.48254	
650.244	1348.83271	
650.691	1346.58254	
651.138	1345.38256	
651.585	1342.78289	
652.032	1346.43254	
652.479	1347.33256	
652.926	1348.33265	
653.373	1337.58467	
653.819	1341.18327	
654.266	1336.63516	
654.713	1351.58331	
655.16	1376.40774	
655.607	1399.96236	
656.053	1339.8837	
656.5	1330.28974	
656.947	1328.2417	
657.394	1336.0355	
657.84	1336.23538	
658.287	1343.28279	
658.733	1335.88559	
659.18	1337.78458	
659.626	1337.88453	
660.073	1336.43527	
660.519	1336.935	
660.966	1327.09291	
661.412	1327.99196	
661.859	1321.59969	
662.305	1318.95357	
662.752	1316.25793	
663.198	1315.20974	
663.644	1312.21524	
664.09	1316.85693	
664.537	1326.14396	
664.983	1329.59038	
665.429	1327.34264	
665.875	1325.59459	
666.321	1333.03748	
666.768	1335.23598	
667.214	1335.48582	
667.66	1326.1939	
668.106	1331.63858	
668.552	1330.63943	
668.998	1328.6413	
669.444	1326.89312	
669.89	1321.84935	
670.336	1323.19754	
670.781	1348.63268	
671.227	1323.89665	
671.673	1315.35947	
672.119	1313.16344	
672.565	1312.56457	
673.01	1315.65895	
673.456	1320.00199	
673.902	1318.30458	
674.348	1328.29165	
674.793	1324.14633	
675.239	1328.09186	
675.684	1324.89542	
676.13	1323.59703	
676.576	1323.94658	
677.021	1326.09401	
677.467	1318.50427	
677.912	1318.40443	
678.357	1310.81798	
678.803	1305.57925	
679.248	1308.97177	
679.694	1300.94053	
680.139	1301.98788	
680.584	1304.98064	
681.03	1307.62466	
681.475	1305.18017	
681.92	1300.54156	
682.365	1304.7811	
682.81	1302.18738	
683.256	1305.62914	
683.701	1305.97834	
684.146	1303.93311	
684.591	1302.48664	
685.036	1304.13264	
685.481	1306.77654	
685.926	1302.88565	
686.371	1302.13751	
686.816	1301.14002	
687.261	1304.2324	
687.706	1304.48181	
688.15	1317.80538	
688.595	1341.58316	
689.04	1376.05715	
689.485	1467.28433	
689.93	1645.42462	
690.374	1446.30793	
690.819	1330.18983	
691.264	1308.37305	
691.708	1307.57477	
692.153	1316.80701	
692.598	1308.82209	
693.042	1309.07156	
693.487	1313.01372	
693.931	1333.53711	
694.376	1368.44618	
694.82	1437.91393	
695.264	1572.46489	
695.709	1880.91429	
696.153	1563.25635	
696.598	1354.13424	
697.042	1316.75709	
697.486	1307.77434	
697.931	1305.08041	
698.375	1303.43432	
698.819	1306.27766	
699.263	1297.99833	
699.707	1297.4997	
700.152	1303.53407	
700.596	1299.99299	
701.04	1300.1426	
701.484	1304.63146	
701.928	1301.68863	
702.372	1303.78347	
702.816	1305.92845	
703.26	1297.25039	
703.704	1303.33456	
704.148	1309.52063	
704.591	1323.99652	
705.035	1351.98343	
705.479	1419.88219	
705.923	1531.36378	
706.367	1403.72389	
706.81	1343.28279	
707.254	1364.59184	
707.698	1340.68342	
708.142	1321.15032	
708.585	1311.36689	
709.029	1296.00389	
709.472	1293.26192	
709.916	1288.82581	
710.359	1294.00969	
710.803	1290.07179	
711.246	1295.3059	
711.69	1295.20618	
712.133	1290.91911	
712.577	1296.15347	
713.02	1303.53407	
713.463	1305.37971	
713.907	1318.85373	
714.35	1303.38444	
714.793	1293.36162	
715.237	1288.32744	
715.68	1287.82908	
716.123	1291.61694	
716.566	1285.88564	
717.009	1286.33411	
717.452	1284.63995	
717.895	1289.17467	
718.338	1281.35177	
718.782	1289.37403	
719.225	1284.04206	
719.667	1287.03175	
720.11	1288.72613	
720.553	1288.6763	
720.996	1295.65489	
721.439	1298.84603	
721.882	1297.8986	
722.325	1294.75749	
722.768	1297.84874	
723.21	1303.58395	
723.653	1302.18738	
724.096	1306.57698	
724.538	1307.17565	
724.981	1322.19887	
725.424	1331.33883	
725.866	1354.33433	
726.309	1410.4966	
726.751	1389.43418	
727.194	1328.3416	
727.636	1299.3447	
728.079	1292.61388	
728.521	1296.10361	
728.964	1292.86312	
729.406	1290.52037	
729.849	1293.95983	
730.291	1297.25039	
730.733	1295.40561	
731.175	1299.1951	
731.618	1303.33456	
732.06	1297.84874	
732.502	1298.84603	
732.944	1302.73602	
733.386	1306.32755	
733.829	1303.38444	
734.271	1305.97834	
734.713	1304.38205	
735.155	1311.96572	
735.597	1312.71429	
736.039	1334.63636	
736.481	1384.87386	
736.923	1469.39837	
737.365	1667.48143	
737.806	1623.84857	
738.248	1412.60418	
738.69	1327.09291	
739.132	1301.48914	
739.574	1293.61087	
740.015	1291.51725	
740.457	1292.86312	
740.899	1289.52355	
741.34	1293.46132	
741.782	1295.20618	
742.224	1296.6022	
742.665	1303.88323	
743.107	1305.97834	
743.548	1310.81798	
743.99	1312.91391	
744.431	1317.95514	
744.873	1321.89928	
745.314	1318.8038	
745.756	1322.64827	
746.197	1322.6982	
746.638	1323.14761	
747.08	1324.69566	
747.521	1330.43961	
747.962	1347.63258	
748.403	1392.04059	
748.845	1491.2069	
749.286	1712.07437	
749.727	1798.78414	
750.168	1669.82065	
750.609	1752.88259	
751.05	1509.45873	
751.491	1382.26848	
751.932	1319.25311	
752.373	1297.79888	
752.814	1297.39997	
753.255	1293.56102	
753.696	1291.61694	
754.137	1294.95691	
754.578	1298.69643	
755.019	1307.02598	
755.459	1310.0695	
755.9	1313.76233	
756.341	1317.95514	
756.782	1318.65404	
757.222	1313.81224	
757.663	1315.90852	
758.104	1321.59969	
758.544	1319.95206	
758.985	1326.59345	
759.425	1325.245	
759.866	1328.6413	
760.307	1348.03262	
760.747	1381.01602	
761.187	1487.2261	
761.628	1817.98159	
762.068	2492.1763	
762.509	3779.71657	
762.949	3141.02736	
763.389	2084.13711	
763.83	1601.78893	
764.27	1387.88054	
764.71	1326.44362	
765.15	1310.56848	
765.591	1302.48664	
766.031	1306.22777	
766.471	1301.63876	
766.911	1300.94053	
767.351	1300.29221	
767.791	1303.18492	
768.231	1306.97609	
768.671	1314.96017	
769.111	1322.9978	
769.551	1329.04091	
769.991	1351.93341	
770.431	1449.57608	
770.871	1660.46537	
771.31	2065.90455	
771.75	2075.38169	
772.19	1653.40092	
772.63	1468.59299	
773.069	1360.1879	
773.509	1318.65404	
773.949	1306.02822	
774.388	1301.938	
774.828	1296.05375	
775.268	1316.65726	
775.707	1366.69411	
776.147	1447.31346	
776.586	1478.56193	
777.026	1370.49882	
777.465	1319.45281	
777.905	1287.62975	
778.344	1274.03032	
778.783	1268.80261	
779.223	1268.45415	
779.662	1264.17366	
780.101	1267.85681	
780.541	1263.8253	
780.98	1266.01514	
781.419	1272.58632	
781.858	1269.79824	
782.297	1272.98465	
782.737	1279.25961	
783.176	1280.15622	
783.615	1280.85362	
784.054	1280.50492	
784.493	1287.38058	
784.932	1288.17793	
785.371	1291.76647	
785.81	1288.2776	
786.249	1297.10081	
786.687	1293.81028	
787.126	1295.35575	
787.565	1297.05094	
788.004	1300.49169	
788.443	1300.84079	
788.881	1308.22337	
789.32	1299.54417	
789.759	1299.4943	
790.198	1301.1899	
790.636	1295.00676	
791.075	1296.40276	
791.513	1297.79888	
791.952	1298.39724	
792.39	1316.10818	
792.829	1364.6419	
793.267	1520.86238	
793.706	1774.33868	
794.144	1750.53396	
794.583	1485.21082	
795.021	1397.95652	
795.459	1322.64827	
795.898	1295.10647	
796.336	1291.91601	
796.774	1292.41448	
797.212	1288.37728	
797.651	1285.18804	
798.089	1300.69118	
798.527	1324.69566	
798.965	1416.92045	
799.403	1600.06576	
799.841	1789.11512	
800.279	1817.00851	
800.717	1837.34988	
801.155	1521.2157	
801.593	1413.75843	
802.031	1342.48295	
802.469	1298.7463	
802.907	1293.56102	
803.345	1285.63649	
803.783	1290.6699	
804.22	1283.54382	
804.658	1282.14885	
805.096	1289.075	
805.534	1287.62975	
805.971	1288.22777	
806.409	1285.88564	
806.847	1294.15924	
807.284	1297.00108	
807.722	1315.06	
808.159	1353.73407	
808.597	1485.61386	
809.034	1795.10019	
809.472	2205.68886	
809.909	2465.08518	
810.347	3338.09631	
810.784	3458.35009	
811.221	2228.4545	
811.659	1826.58758	
812.096	1546.16632	
812.533	1377.76005	
812.971	1316.10818	
813.408	1295.05662	
813.845	1288.32744	
814.282	1280.25585	
814.719	1275.57405	
815.156	1271.44116	
815.593	1277.71556	
816.03	1270.79393	
816.468	1268.45415	
816.905	1271.39138	
817.341	1270.89351	
817.778	1268.05592	
818.215	1265.31834	
818.652	1265.51742	
819.089	1262.73048	
819.526	1266.96084	
819.963	1265.11926	
820.4	1261.58597	
820.836	1260.8396	
821.273	1261.23766	
821.71	1262.28262	
822.146	1262.58119	
822.583	1266.264	
823.02	1270.09694	
823.456	1272.7357	
823.893	1280.85362	
824.329	1316.60734	
824.766	1452.9454	
825.202	1729.35712	
825.639	1852.42601	
826.075	1539.34463	
826.512	1423.64781	
826.948	1357.08577	
827.384	1297.35011	
827.821	1274.22951	
828.257	1270.69436	
828.693	1268.15548	
829.129	1262.38214	
829.566	1266.16445	
830.002	1264.52203	
830.438	1261.58597	
830.874	1262.9793	
831.31	1263.77553	
831.746	1264.92018	
832.182	1261.73525	
832.618	1264.5718	
833.054	1261.4367	
833.49	1262.38214	
833.926	1263.02906	
834.362	1269.94759	
834.798	1262.78024	
835.234	1265.26857	
835.67	1262.43191	
836.105	1261.98405	
836.541	1271.6901	
836.977	1269.59911	
837.413	1276.86889	
837.848	1276.32106	
838.284	1288.6763	
838.719	1326.34373	
839.155	1472.26779	
839.591	1791.05881	
840.026	1864.6381	
840.462	1632.2224	
840.897	1826.99748	
841.333	2245.60722	
841.768	2059.01915	
842.203	1637.65457	
842.639	1502.90219	
843.074	1425.25471	
843.51	1378.862	
843.945	1341.63315	
844.38	1298.09806	
844.815	1286.53343	
845.251	1279.2098	
845.686	1273.83114	
846.121	1265.66673	
846.556	1265.91559	
846.991	1265.46765	
847.426	1267.30926	
847.861	1269.49955	
848.296	1266.06491	
848.731	1267.50837	
849.166	1263.87506	
849.601	1272.93486	
850.036	1287.92875	
850.471	1355.93512	
850.906	1509.86228	
851.341	1528.99036	
851.775	1386.62769	
852.21	1332.88759	
852.645	1307.27543	
853.08	1282.89614	
853.514	1265.01972	
853.949	1260.8396	
854.384	1251.63694	
854.818	1256.21278	
855.253	1257.30718	
855.687	1251.13964	
856.122	1253.07919	
856.556	1256.36201	
856.991	1254.72053	
857.425	1252.68132	
857.86	1255.71535	
858.294	1255.31741	
858.728	1260.54105	
859.163	1258.60066	
859.597	1263.42717	
860.031	1264.22343	
860.465	1262.08358	
860.9	1261.53621	
861.334	1263.92483	
861.768	1267.60792	
862.202	1270.49522	
862.636	1272.63611	
863.07	1268.15548	
863.504	1273.78135	
863.938	1273.53238	
864.372	1279.25961	
864.806	1287.38058	
865.24	1302.28713	
865.674	1329.19076	
866.108	1313.86215	
866.542	1296.30304	
866.976	1288.2776	
867.41	1289.67307	
867.843	1280.60454	
868.277	1278.91095	
868.711	1273.48258	
869.144	1278.11402	
869.578	1271.73989	
870.012	1273.383	
870.445	1268.70305	
870.879	1270.29608	
871.312	1268.30481	
871.746	1262.23286	
872.179	1260.34203	
872.613	1258.65041	
873.046	1259.64546	
873.48	1259.24743	
873.913	1254.52157	
874.347	1258.30216	
874.78	1257.80466	
875.213	1258.74991	
875.646	1251.78613	
876.08	1254.96923	
876.513	1254.72053	
876.946	1252.63158	
877.379	1257.30718	
877.812	1258.00366	
878.245	1258.35191	
878.678	1256.80972	
879.112	1255.91432	
879.545	1257.45643	
879.978	1259.99374	
880.41	1255.96406	
880.843	1259.89423	
881.276	1266.11468	
881.709	1261.88453	
882.142	1263.32764	
882.575	1266.86129	
883.008	1265.71651	
883.44	1268.00614	
883.873	1272.23779	
884.306	1271.73989	
884.739	1268.75283	
885.171	1273.68176	
885.604	1269.89781	
886.036	1274.47849	
886.469	1271.59053	
886.902	1271.98884	
887.334	1265.06949	
887.767	1271.59053	
888.199	1268.75283	
888.631	1263.8253	
889.064	1265.51742	
889.496	1271.64032	
889.929	1263.12859	
890.361	1262.08358	
890.793	1254.27287	
891.225	1258.40166	
891.658	1255.01897	
892.09	1252.88025	
892.522	1251.93533	
892.954	1247.70865	
893.386	1245.91885	
893.818	1247.65893	
894.25	1244.87488	
894.683	1241.34574	
895.115	1247.5595	
895.547	1246.21713	
895.978	1244.22864	
896.41	1246.06799	
896.842	1241.39544	
897.274	1242.33979	
897.706	1241.09724	
898.138	1248.75279	
898.57	1245.91885	
899.001	1244.42748	
899.433	1245.91885	
899.865	1246.1177	
900.296	1248.10641	
900.728	1250.49317	
901.16	1244.72574	
901.591	1249.54837	
902.023	1251.7364	
902.454	1252.58185	
902.886	1253.57655	
903.317	1254.91949	
903.749	1256.51125	
904.18	1257.05845	
904.612	1254.1734	
905.043	1256.66048	
905.474	1265.66673	
905.906	1258.10316	
906.337	1262.28262	
906.768	1264.12389	
907.199	1263.37741	
907.631	1271.34159	
908.062	1272.83528	
908.493	1279.6581	
908.924	1286.93208	
909.355	1298.24765	
909.786	1320.55118	
910.217	1382.91979	
910.648	1678.01005	
911.079	2646.3115	
911.51	2477.65436	
911.941	1844.57897	
912.372	1646.28815	
912.803	1545.20609	
913.234	1460.84303	
913.664	1368.14581	
914.095	1314.11169	
914.526	1294.3088	
914.957	1282.69686	
915.387	1276.52027	
915.818	1273.18382	
916.249	1268.75283	
916.679	1265.2188	
917.11	1267.75725	
917.54	1264.87041	
917.971	1261.63573	
918.401	1265.76628	
918.832	1267.30926	
919.262	1266.76174	
919.693	1262.53143	
920.123	1266.81151	
920.553	1281.40159	
920.984	1360.58821	
921.414	1467.63665	
921.844	1368.39612	
922.275	1318.3545	
922.705	1300.39195	
923.135	1289.62323	
923.565	1281.15251	
923.995	1258.79967	
924.425	1258.15291	
924.855	1252.68132	
925.285	1249.89645	
925.715	1252.53212	
926.145	1251.7364	
926.575	1243.78126	
927.005	1247.90753	
927.435	1248.95168	
927.865	1245.27257	
928.295	1248.45446	
928.725	1243.9801	
929.154	1244.72574	
929.584	1243.58243	
930.014	1247.11203	
930.444	1242.88654	
930.873	1243.28419	
931.303	1244.82517	
931.733	1240.69964	
932.162	1238.6621	
932.592	1241.24634	
933.021	1244.87488	
933.451	1246.86344	
933.88	1245.62056	
934.31	1250.49317	
934.739	1248.00697	
935.169	1245.67028	
935.598	1241.14694	
936.027	1241.54455	
936.457	1242.58831	
936.886	1240.79904	
937.315	1237.61857	
937.744	1238.41363	
938.173	1238.36394	
938.603	1238.86087	
939.032	1240.35175	
939.461	1238.71179	
939.89	1237.07199	
940.319	1238.6124	
940.748	1236.87323	
941.177	1239.80508	
941.606	1233.69349	
942.035	1237.61857	
942.464	1241.04754	
942.893	1236.87323	
943.322	1238.26456	
943.75	1239.70569	
944.179	1239.35782	
944.608	1236.97261	
945.037	1234.73678	
945.465	1241.54455	
945.894	1235.73045	
946.323	1242.88654	
946.751	1238.41363	
947.18	1236.42605	
947.608	1236.02856	
948.037	1237.91671	
948.465	1234.38901	
948.894	1239.15904	
949.322	1235.82982	
949.751	1237.0223	
950.179	1235.73045	
950.608	1235.23361	
951.036	1239.00995	
951.464	1236.62479	
951.893	1240.40145	
952.321	1239.25843	
952.749	1239.10934	
953.177	1242.53861	
953.605	1238.46332	
954.034	1239.95417	
954.462	1237.17136	
954.89	1239.40751	
955.318	1241.74335	
955.746	1239.95417	
956.174	1243.08537	
956.602	1245.86913	
957.03	1243.48302	
957.458	1245.22286	
957.885	1239.45721	
958.313	1242.04157	
958.741	1245.57085	
959.169	1242.83684	
959.597	1245.86913	
960.024	1248.3053	
960.452	1249.49865	
960.88	1252.68132	
961.308	1250.5429	
961.735	1251.08991	
962.163	1251.78613	
962.59	1255.71535	
963.018	1256.26253	
963.445	1260.24252	
963.873	1273.68176	
964.3	1328.39155	
964.728	1441.88427	
965.155	1359.33726	
965.582	1316.05827	
966.01	1293.41147	
966.437	1283.19507	
966.864	1272.48674	
967.292	1268.90217	
967.719	1260.29227	
968.146	1249.84672	
968.573	1251.88559	
969	1251.53748	
969.427	1247.26118	
969.855	1246.76401	
970.282	1246.81373	
970.709	1245.57085	
971.136	1243.78126	
971.563	1242.24038	
971.99	1244.5269	
972.416	1247.11203	
972.843	1244.9743	
973.27	1240.35175	
973.697	1241.49485	
974.124	1240.05356	
974.551	1242.14098	
974.977	1243.03566	
975.404	1239.40751	
975.831	1241.39544	
976.257	1244.37777	
976.684	1244.42748	
977.111	1254.52157	
977.537	1259.14793	
977.964	1258.15291	
978.39	1243.63214	
978.817	1242.73743	
979.243	1241.44514	
979.67	1241.64395	
980.096	1238.81118	
980.522	1242.98595	
980.949	1241.84276	
981.375	1245.47142	
981.801	1239.40751	
982.227	1240.79904	
982.654	1243.63214	
983.08	1241.89246	
983.506	1240.55054	
983.932	1242.88654	
984.358	1242.88654	
984.784	1242.14098	
985.21	1239.90447	
985.636	1237.07199	
986.062	1245.42171	
986.488	1246.1177	
986.914	1243.3339	
987.34	1243.58243	
987.766	1240.40145	
988.192	1240.05356	
988.618	1239.30812	
989.044	1238.91056	
989.469	1241.69365	
989.895	1240.64994	
990.321	1239.80508	
990.746	1238.91056	
991.172	1239.05965	
991.598	1239.35782	
992.023	1240.15296	
992.449	1241.39544	
992.874	1245.57085	
993.3	1244.82517	
993.725	1241.09724	
994.151	1248.00697	
994.576	1248.10641	
995.002	1248.65335	
995.427	1249.3992	
995.852	1247.06231	
996.278	1251.58721	
996.703	1252.97972	
997.128	1258.10316	
997.553	1250.49317	
997.979	1250.94072	
998.404	1255.56612	
998.829	1257.35693	
999.254	1256.41176	
999.679	1257.30718	
1000.104	1259.34694	
1000.529	1262.1831	
1000.954	1263.77553	
1001.379	1265.86582	
1001.804	1270.04716	
1002.229	1270.84372	
1002.654	1278.6619	
1003.078	1282.89614	
1003.503	1290.07179	
1003.928	1297.25039	
1004.353	1302.68614	
1004.778	1312.56457	
1005.202	1314.41115	
1005.627	1320.25162	
1006.052	1332.4879	
1006.476	1339.13398	
1006.901	1346.08254	
1007.325	1359.98775	
1007.75	1375.55633	
1008.174	1386.32702	
1008.599	1404.62677	
1009.023	1423.24611	
1009.448	1449.92807	
1009.872	1476.64829	
1010.296	1503.45689	
1010.721	1543.28576	
1011.145	1591.04691	
1011.569	1664.83741	
1011.993	1789.98465	
1012.418	2327.35512	
1012.842	4664.10612	
1013.266	3837.58892	
1013.69	2736.75095	
1014.114	2389.42116	
1014.538	2172.02075	
1014.962	2023.5883	
1015.386	1896.02024	
1015.81	1742.87721	
1016.234	1611.92826	
1016.658	1538.63733	
1017.082	1487.42764	
1017.506	1455.10811	
1017.93	1430.52833	
1018.353	1407.18519	
1018.777	1392.74238	
1019.201	1371.85069	
1019.625	1359.7876	
1020.048	1351.38325	
1020.472	1340.63344	
1020.896	1331.63858	
1021.319	1324.4959	
1021.743	1321.25018	
1022.166	1304.73122	
1022.59	1299.29483	
1023.013	1289.075	
1023.437	1288.07826	
1023.86	1284.24135	
1024.284	1280.00678	
1024.707	1274.67767	
1025.13	1270.29608	
1025.554	1270.545	
1025.977	1267.11016	
1026.4	1260.88935	
1026.823	1262.08358	
1027.246	1261.23766	
1027.67	1257.0087	
1028.093	1254.57131	
1028.516	1258.79967	
1028.939	1255.61586	
1029.362	1250.04563	
1029.785	1250.59262	
1030.208	1247.95725	
1030.631	1251.13964	
1031.054	1249.84672	
1031.477	1245.71999	
1031.9	1250.99045	
1032.322	1249.9959	
1032.745	1247.65893	
1033.168	1249.44892	
1033.591	1251.33856	
1034.013	1250.04563	
1034.436	1248.00697	
1034.859	1248.50418	
1035.281	1248.5539	
1035.704	1248.80252	
1036.127	1245.07372	
1036.549	1246.36628	
1036.972	1245.96856	
1037.394	1246.81373	
1037.817	1245.02401	
1038.239	1247.01259	
1038.661	1248.20585	
1039.084	1247.11203	
1039.506	1244.37777	
1039.928	1247.75837	
1040.351	1248.75279	
1040.773	1253.02946	
1041.195	1249.49865	
1041.617	1248.80252	
1042.04	1247.50978	
1042.462	1252.18399	
1042.884	1243.68185	
1043.306	1245.12344	
1043.728	1247.3109	
1044.15	1247.41034	
1044.572	1247.70865	
1044.994	1249.49865	
1045.416	1248.3053	
1045.838	1250.59262	
1046.26	1252.18399	
1046.682	1251.7364	
1047.103	1253.2284	
1047.525	1251.08991	
1047.947	1245.96856	
1048.369	1243.83097	
1048.79	1244.5269	
1049.212	1245.67028	
1049.634	1247.21147	
1050.055	1244.82517	
1050.477	1243.83097	
1050.898	1244.57661	
1051.32	1241.24634	
1051.741	1241.54455	
1052.163	1243.68185	
1052.584	1241.39544	
1053.006	1237.17136	
1053.427	1235.92919	
1053.848	1240.60024	
1054.27	1236.17761	
1054.691	1242.4889	
1055.112	1238.6621	
1055.533	1236.82355	
1055.955	1235.82982	
1056.376	1243.48302	
1056.797	1240.99784	
1057.218	1240.89844	
1057.639	1238.41363	
1058.06	1237.32043	
1058.481	1237.81733	
1058.902	1234.88583	
1059.323	1235.48202	
1059.744	1236.32667	
1060.165	1234.98519	
1060.586	1238.6621	
1061.007	1234.88583	
1061.428	1235.23361	
1061.848	1235.18392	
1062.269	1237.56888	
1062.69	1236.42605	
1063.111	1240.15296	
1063.531	1235.8795	
1063.952	1241.19664	
1064.373	1237.07199	
1064.793	1238.81118	
1065.214	1234.78646	
1065.634	1235.33297	
1066.055	1236.27699	
1066.475	1235.28329	
1066.896	1234.04125	
1067.316	1236.2273	
1067.736	1234.93551	
1068.157	1232.65027	
1068.577	1235.8795	
1068.997	1233.59414	
1069.418	1233.29607	
1069.838	1236.87323	
1070.258	1236.17761	
1070.678	1238.6621	
1071.098	1233.04768	
1071.518	1234.53805	
1071.939	1240.94814	
1072.359	1238.96026	
1072.779	1235.58139	
1073.199	1234.28965	
1073.619	1234.63742	
1074.039	1234.73678	
1074.458	1233.64382	
1074.878	1231.11039	
1075.298	1236.07824	
1075.718	1234.53805	
1076.138	1235.53171	
1076.558	1235.68076	
1076.977	1234.88583	
1077.397	1234.63742	
1077.817	1233.64382	
1078.236	1237.07199	
1078.656	1236.17761	
1079.075	1233.14704	
1079.495	1238.76148	
1079.915	1236.52542	
1080.334	1235.78013	
1080.754	1233.64382	
1081.173	1237.12168	
1081.592	1233.09736	
1082.012	1237.32043	
1082.431	1236.52542	
1082.85	1232.89865	
1083.27	1236.67448	
1083.689	1235.13424	
1084.108	1234.6871	
1084.527	1235.82982	
1084.947	1234.53805	
1085.366	1231.11039	
1085.785	1236.47573	
1086.204	1235.92919	
1086.623	1232.7993	
1087.042	1238.96026	
1087.461	1236.92292	
1087.88	        1239.5069	
1088.299	1236.27699	
1088.718	1234.63742	
1089.137	1236.42605	
1089.555	1236.27699	
1089.974	1232.0045	
1090.393	1235.18392	
1090.812	1232.94833	
1091.231	1233.39542	
1091.649	1234.04125	
1092.068	1233.14704	
1092.487	1233.84253	
1092.905	1233.64382	
1093.324	1234.04125	
1093.742	1234.28965	
1094.161	1231.50777	
1094.579	1234.43869	
1094.998	1233.24639	
1095.416	1234.04125	
1095.835	1233.14704	
1096.253	1233.39542	
1096.671	1232.50124	
1097.09	        1233.69349	
1097.508	1230.71303	
1097.926	1234.19029	
1098.344	1230.81237	
1098.763	1230.21633	
1099.181	1230.46468	
1099.599	1232.89865	
1100.017	1236.87323	
1100.435	1230.31567	
1100.853	1232.998	
1101.271	1230.91171	
1101.689	1229.71965	
1102.107	1231.40842	
